ID	thecount	brand1	price1	brand2	price2	brand3	price3	Choice
2	1	3	1	2	3	4	4	2
2	2	5	5	1	5	4	2	2
2	3	4	1	2	5	3	1	1
2	4	2	1	4	3	1	5	1
2	5	5	1	5	2	4	4	1
2	6	5	1	5	5	1	3	3
2	7	5	5	1	1	2	3	2
2	8	1	5	2	2	4	5	1
2	9	3	4	3	4	2	4	3
2	10	3	1	4	1	1	4	1
2	11	2	3	5	1	2	5	1
2	12	5	4	3	1	1	3	2
4	1	5	2	5	5	3	5	1
4	2	1	4	4	4	1	3	1
4	3	2	4	1	4	1	1	3
4	4	3	4	2	3	1	2	2
4	5	2	5	5	3	5	5	1
4	6	1	5	2	5	3	3	2
4	7	5	4	3	5	4	5	1
4	8	1	3	2	2	5	5	2
4	9	5	3	2	1	5	3	2
4	10	2	3	1	3	3	5	1
4	11	5	1	4	3	4	1	1
4	12	2	5	1	1	3	5	2
5	1	1	3	1	5	5	3	1
5	2	3	2	4	2	1	2	3
5	3	4	5	5	1	3	4	2
5	4	5	5	5	1	2	2	3
5	5	5	1	4	3	3	2	2
5	6	2	1	3	4	1	4	1
5	7	4	3	1	1	5	5	2
5	8	4	2	3	4	3	3	1
5	9	4	5	2	3	5	2	2
5	10	2	4	4	1	4	1	2
5	11	5	3	3	2	4	3	3
5	12	2	5	2	4	4	3	1
6	1	1	4	3	5	1	4	1
6	2	3	2	4	3	4	2	1
6	3	4	4	1	3	4	5	2
6	4	1	1	2	3	4	1	1
6	5	5	4	4	4	5	4	2
6	6	4	3	5	4	3	3	1
6	7	1	5	5	3	2	4	3
6	8	3	5	1	2	1	5	3
6	9	5	3	1	1	1	3	2
6	10	1	2	1	2	3	1	1
6	11	4	3	4	3	5	4	1
6	12	4	1	1	1	3	4	2
8	1	5	5	4	1	1	1	3
8	2	3	3	4	2	3	2	3
8	3	4	2	4	1	3	1	2
8	4	3	3	4	5	1	2	3
8	5	4	5	1	3	3	4	2
8	6	4	4	4	1	1	5	2
8	7	1	3	4	2	2	2	3
8	8	1	2	1	1	1	3	1
8	9	1	2	2	5	1	1	3
8	10	2	5	1	4	5	3	1
8	11	2	3	5	4	3	5	1
8	12	1	3	1	4	5	3	2
10	1	3	3	2	5	2	5	3
10	2	3	1	3	5	4	3	3
10	3	4	3	1	5	5	1	1
10	4	2	4	3	4	5	1	1
10	5	3	1	5	4	3	2	3
10	6	1	2	1	4	4	2	3
10	7	1	1	3	4	2	4	1
10	8	3	5	2	3	3	4	2
10	9	4	4	2	1	5	2	2
10	10	4	1	2	5	2	5	3
10	11	5	4	1	1	1	1	2
10	12	4	1	4	1	2	3	3
11	1	1	4	5	5	1	3	1
11	2	4	2	4	5	1	2	3
11	3	2	3	4	1	4	3	1
11	4	2	5	3	2	4	1	1
11	5	5	2	2	3	3	2	2
11	6	4	1	2	3	3	4	2
11	7	2	5	4	5	1	3	1
11	8	3	4	1	3	3	1	2
11	9	3	4	4	4	1	4	3
11	10	1	5	5	1	1	3	3
11	11	5	4	3	1	5	2	2
11	12	1	3	5	5	5	4	1
12	1	3	5	1	4	1	4	3
12	2	4	2	1	3	4	5	1
12	3	3	4	5	2	2	1	3
12	4	5	2	5	5	4	4	3
12	5	2	3	5	4	3	3	1
12	6	1	1	5	3	1	3	1
12	7	2	1	2	1	1	1	1
12	8	4	4	3	2	3	5	2
12	9	1	4	2	2	4	4	3
12	10	1	4	2	4	3	2	3
12	11	3	2	3	4	2	3	3
12	12	4	3	1	4	4	4	2
13	1	1	4	2	4	3	2	2
13	2	1	4	2	2	4	4	2
13	3	2	1	2	1	1	1	3
13	4	5	2	5	5	4	4	3
13	5	1	1	5	3	1	3	1
13	6	2	3	5	4	3	3	1
13	7	4	2	1	3	4	5	2
13	8	3	5	1	4	1	4	3
13	9	4	4	3	2	3	5	2
13	10	3	2	3	4	2	3	3
13	11	3	4	5	2	2	1	3
13	12	4	3	1	4	4	4	2
16	1	1	1	3	4	2	4	3
16	2	4	1	4	1	2	3	3
16	3	2	4	3	4	5	1	1
16	4	4	4	2	1	5	2	2
16	5	3	5	2	3	3	4	2
16	6	4	3	1	5	5	1	2
16	7	3	1	5	4	3	2	1
16	8	3	1	3	5	4	3	1
16	9	1	2	1	4	4	2	1
16	10	5	4	1	1	1	1	3
16	11	3	3	2	5	2	5	2
16	12	4	1	2	5	2	5	1
17	1	1	3	1	4	5	3	1
17	2	4	4	4	1	1	5	2
17	3	1	2	1	1	1	3	2
17	4	4	2	4	1	3	1	1
17	5	5	5	4	1	1	1	2
17	6	4	5	1	3	3	4	2
17	7	2	5	1	4	5	3	2
17	8	1	3	4	2	2	2	2
17	9	1	2	2	5	1	1	3
17	10	2	3	5	4	3	5	1
17	11	3	3	4	2	3	2	2
17	12	3	3	4	5	1	2	3
18	1	4	2	5	3	2	1	3
18	2	2	5	5	1	3	1	3
18	3	2	5	4	3	3	3	3
18	4	4	4	2	2	1	3	2
18	5	4	3	5	4	4	5	1
18	6	5	3	2	3	2	1	3
18	7	1	3	1	2	5	5	2
18	8	5	3	3	5	5	3	1
18	9	5	1	5	4	2	2	3
18	10	5	5	4	1	3	1	3
18	11	5	5	2	3	3	2	3
18	12	3	3	1	3	1	5	3
21	1	5	1	5	1	1	1	3
21	2	3	4	3	2	4	1	3
21	3	3	1	5	5	4	3	3
21	4	5	3	2	3	3	1	2
21	5	5	4	5	4	2	4	3
21	6	4	4	2	5	2	1	3
21	7	5	4	3	2	2	3	3
21	8	2	1	1	3	5	1	1
21	9	4	4	5	5	3	2	3
21	10	2	4	3	4	2	5	1
21	11	1	5	5	3	2	2	3
21	12	5	5	3	1	2	4	3
22	1	3	1	3	5	4	3	3
22	2	1	1	3	4	2	4	3
22	3	3	1	5	4	3	2	1
22	4	5	4	1	1	1	1	2
22	5	4	1	4	1	2	3	3
22	6	4	4	2	1	5	2	2
22	7	2	4	3	4	5	1	1
22	8	3	5	2	3	3	4	2
22	9	1	2	1	4	4	2	3
22	10	4	3	1	5	5	1	1
22	11	3	3	2	5	2	5	2
22	12	4	1	2	5	2	5	2
25	1	4	5	3	5	5	3	1
25	2	5	4	5	4	3	2	3
25	3	5	1	4	2	5	3	2
25	4	4	1	5	4	3	4	1
25	5	2	1	2	1	2	3	2
25	6	1	1	2	2	4	5	2
25	7	4	2	1	4	5	5	1
25	8	5	1	1	3	4	4	2
25	9	5	2	5	1	3	4	2
25	10	3	5	3	4	2	5	3
25	11	1	4	1	3	1	2	2
25	12	2	2	2	5	5	1	1
27	1	4	2	2	5	3	4	1
27	2	4	4	5	3	3	4	2
27	3	2	5	1	3	4	4	1
27	4	2	4	2	1	1	2	2
27	5	1	2	2	1	4	1	2
27	6	5	1	2	4	1	3	2
27	7	5	3	4	3	1	4	2
27	8	3	1	3	4	5	1	1
27	9	4	5	4	2	1	3	2
27	10	2	4	2	1	2	2	1
27	11	2	3	2	3	3	1	2
27	12	2	4	3	4	4	4	1
33	1	3	5	4	5	1	2	3
33	2	3	5	1	2	5	2	1
33	3	5	3	2	1	2	1	2
33	4	3	2	5	2	5	1	1
33	5	3	2	4	2	4	3	1
33	6	3	1	3	2	3	3	2
33	7	1	2	1	1	4	5	2
33	8	1	2	3	4	5	5	1
33	9	5	5	1	1	4	5	2
33	10	1	1	5	5	5	2	1
33	11	5	1	4	2	2	5	1
33	12	2	5	3	2	2	1	3
36	1	3	2	4	2	1	2	3
36	2	2	1	3	4	1	4	1
36	3	5	1	4	3	3	2	2
36	4	4	5	5	1	3	4	1
36	5	4	3	1	1	5	5	2
36	6	2	5	2	4	4	3	2
36	7	5	5	5	1	2	2	3
36	8	2	4	4	1	4	1	2
36	9	5	3	3	2	4	3	2
36	10	1	3	1	5	5	3	1
36	11	4	2	3	4	3	3	1
36	12	4	5	2	3	5	2	2
38	1	3	4	3	2	4	1	1
38	2	1	5	5	3	2	2	3
38	3	5	3	2	3	3	1	2
38	4	4	4	5	5	3	2	1
38	5	5	4	5	4	2	4	3
38	6	2	4	3	4	2	5	1
38	7	3	1	5	5	4	3	1
38	8	2	1	1	3	5	1	1
38	9	5	4	3	2	2	3	3
38	10	4	4	2	5	2	1	3
38	11	5	1	5	1	1	1	3
38	12	5	5	3	1	2	4	3
40	1	3	4	3	4	2	4	1
40	2	5	5	1	5	4	2	3
40	3	3	1	4	1	1	4	1
40	4	5	1	5	5	1	3	3
40	5	2	1	4	3	1	5	1
40	6	5	5	1	1	2	3	3
40	7	5	1	5	2	4	4	3
40	8	1	5	2	2	4	5	2
40	9	3	1	2	3	4	4	1
40	10	5	4	3	1	1	3	3
40	11	2	3	5	1	2	5	3
40	12	4	1	2	5	3	1	3
43	1	5	5	2	4	3	3	2
43	2	3	3	3	3	3	2	3
43	3	3	4	2	1	4	4	2
43	4	2	1	3	2	2	2	1
43	5	2	4	1	4	5	5	1
43	6	3	3	5	2	4	1	1
43	7	4	5	1	3	5	4	2
43	8	4	5	1	2	5	1	2
43	9	3	1	2	5	5	3	1
43	10	5	3	2	3	2	1	3
43	11	3	3	5	2	5	1	1
43	12	5	3	4	4	2	4	2
44	1	2	3	4	3	3	5	1
44	2	3	2	1	5	2	3	3
44	3	5	5	2	1	4	4	2
44	4	2	1	2	3	3	2	1
44	5	1	4	4	1	4	5	2
44	6	2	2	4	2	2	1	3
44	7	4	2	1	4	2	3	3
44	8	1	1	2	5	2	2	3
44	9	2	3	5	4	4	2	1
44	10	1	2	1	5	5	4	1
44	11	1	2	2	5	2	2	3
44	12	3	3	3	2	2	1	3
47	1	2	1	4	3	5	1	3
47	2	2	3	3	5	4	2	3
47	3	2	5	5	1	3	3	1
47	4	1	1	5	2	3	5	1
47	5	2	3	3	2	4	1	1
47	6	5	2	2	3	1	4	2
47	7	3	1	3	5	4	2	1
47	8	5	5	3	2	5	1	2
47	9	3	2	1	2	3	5	2
47	10	4	2	5	1	4	2	1
47	11	4	5	3	5	2	5	3
47	12	2	4	5	4	4	1	3
51	1	2	4	2	1	2	2	2
51	2	1	2	2	1	4	1	2
51	3	5	1	2	4	1	3	2
51	4	2	4	2	1	1	2	2
51	5	3	1	3	4	5	1	3
51	6	4	4	5	3	3	4	2
51	7	2	4	3	4	4	4	1
51	8	5	3	4	3	1	4	2
51	9	4	2	2	5	3	4	2
51	10	4	5	4	2	1	3	3
51	11	2	3	2	3	3	1	2
51	12	2	5	1	3	4	4	2
54	1	3	5	1	4	1	4	2
54	2	1	4	2	4	3	2	2
54	3	3	4	5	2	2	1	3
54	4	5	2	5	5	4	4	1
54	5	4	3	1	4	4	4	2
54	6	4	2	1	3	4	5	2
54	7	1	1	5	3	1	3	1
54	8	2	3	5	4	3	3	3
54	9	2	1	2	1	1	1	1
54	10	1	4	2	2	4	4	2
54	11	4	4	3	2	3	5	2
54	12	3	2	3	4	2	3	3
56	1	5	4	3	5	5	5	2
56	2	1	5	5	5	2	2	3
56	3	3	5	2	5	1	1	2
56	4	2	2	1	3	5	2	1
56	5	5	2	4	3	3	5	2
56	6	3	2	4	5	4	1	2
56	7	3	5	4	2	4	5	2
56	8	2	2	2	2	2	4	2
56	9	4	3	1	2	3	2	2
56	10	1	2	2	2	2	5	2
56	11	5	2	1	1	2	4	2
56	12	1	2	4	3	1	5	1
57	1	2	3	3	5	4	2	1
57	2	5	2	2	3	1	4	2
57	3	4	5	3	5	2	5	2
57	4	1	1	5	2	3	5	1
57	5	3	1	3	5	4	2	3
57	6	3	2	1	2	3	5	2
57	7	2	5	5	1	3	3	1
57	8	4	2	5	1	4	2	1
57	9	2	1	4	3	5	1	1
57	10	2	3	3	2	4	1	1
57	11	2	4	5	4	4	1	1
57	12	5	5	3	2	5	1	2
61	1	3	4	4	1	5	3	2
61	2	4	5	4	4	1	2	3
61	3	1	1	5	3	5	1	1
61	4	5	3	1	4	2	3	3
61	5	5	2	4	5	4	2	3
61	6	5	3	3	5	4	4	3
61	7	4	2	3	1	5	2	1
61	8	3	2	5	2	5	5	1
61	9	1	2	4	2	2	3	3
61	10	4	1	1	5	5	3	1
61	11	3	5	3	4	5	3	3
61	12	2	5	4	2	3	4	1
65	1	5	2	2	3	3	2	2
65	2	5	4	3	1	5	2	2
65	3	2	5	4	5	1	3	1
65	4	2	3	4	1	4	3	1
65	5	1	4	5	5	1	3	1
65	6	4	1	2	3	3	4	2
65	7	3	4	4	4	1	4	3
65	8	3	4	1	3	3	1	2
65	9	4	2	4	5	1	2	1
65	10	2	5	3	2	4	1	1
65	11	1	5	5	1	1	3	3
65	12	1	3	5	5	5	4	1
68	1	2	4	4	1	4	1	2
68	2	4	2	3	4	3	3	1
68	3	4	3	1	1	5	5	2
68	4	4	5	2	3	5	2	2
68	5	5	1	4	3	3	2	2
68	6	2	1	3	4	1	4	1
68	7	2	5	2	4	4	3	1
68	8	5	3	3	2	4	3	3
68	9	4	5	5	1	3	4	3
68	10	1	3	1	5	5	3	1
68	11	3	2	4	2	1	2	1
68	12	5	5	5	1	2	2	3
70	1	1	1	5	5	5	2	1
70	2	5	1	4	2	2	5	2
70	3	1	2	1	1	4	5	2
70	4	5	3	2	1	2	1	2
70	5	3	5	1	2	5	2	2
70	6	3	5	4	5	1	2	3
70	7	3	2	4	2	4	3	2
70	8	1	2	3	4	5	5	1
70	9	3	2	5	2	5	1	3
70	10	3	1	3	2	3	3	1
70	11	2	5	3	2	2	1	3
70	12	5	5	1	1	4	5	2
71	1	3	4	2	1	4	4	2
71	2	5	3	2	3	2	1	3
71	3	4	5	1	3	5	4	2
71	4	3	1	2	5	5	3	2
71	5	5	5	2	4	3	3	2
71	6	3	3	5	2	4	1	3
71	7	4	5	1	2	5	1	2
71	8	3	3	3	3	3	2	3
71	9	2	1	3	2	2	2	1
71	10	3	3	5	2	5	1	1
71	11	5	3	4	4	2	4	3
71	12	2	4	1	4	5	5	1
73	1	2	1	4	1	1	4	1
73	2	1	4	4	3	5	3	1
73	3	4	4	3	5	1	5	1
73	4	1	4	3	3	2	1	3
73	5	4	1	3	2	4	2	2
73	6	1	2	3	2	2	5	3
73	7	3	1	1	4	5	4	1
73	8	5	1	2	2	5	5	2
73	9	2	2	1	5	5	4	1
73	10	4	1	3	4	1	2	1
73	11	2	2	2	5	1	4	1
73	12	3	3	2	1	1	1	2
74	1	3	3	2	1	1	1	2
74	2	2	2	2	5	1	4	2
74	3	5	1	2	2	5	5	2
74	4	1	4	4	3	5	3	1
74	5	1	4	3	3	2	1	3
74	6	4	1	3	4	1	2	3
74	7	1	2	3	2	2	5	2
74	8	4	1	3	2	4	2	1
74	9	2	1	4	1	1	4	1
74	10	4	4	3	5	1	5	3
74	11	3	1	1	4	5	4	1
74	12	2	2	1	5	5	4	1
76	1	3	2	4	2	1	2	3
76	2	5	5	5	1	2	2	3
76	3	4	2	3	4	3	3	1
76	4	4	5	2	3	5	2	2
76	5	2	4	4	1	4	1	1
76	6	5	3	3	2	4	3	3
76	7	2	5	2	4	4	3	2
76	8	1	3	1	5	5	3	1
76	9	5	1	4	3	3	2	2
76	10	4	5	5	1	3	4	1
76	11	4	3	1	1	5	5	2
76	12	2	1	3	4	1	4	1
77	1	3	4	2	3	1	2	2
77	2	5	2	5	5	3	5	1
77	3	5	4	3	5	4	5	3
77	4	1	5	2	5	3	3	3
77	5	5	3	2	1	5	3	2
77	6	5	1	4	3	4	1	2
77	7	2	4	1	4	1	1	1
77	8	1	3	2	2	5	5	2
77	9	2	3	1	3	3	5	1
77	10	2	5	5	3	5	5	1
77	11	2	5	1	1	3	5	2
77	12	1	4	4	4	1	3	3
80	1	4	2	5	3	2	1	3
80	2	2	5	4	3	3	3	1
80	3	1	3	1	2	5	5	2
80	4	2	5	5	1	3	1	1
80	5	5	5	2	3	3	2	2
80	6	5	3	3	5	5	3	2
80	7	3	3	1	3	1	5	2
80	8	5	1	5	4	2	2	3
80	9	5	5	4	1	3	1	3
80	10	4	3	5	4	4	5	3
80	11	5	3	2	3	2	1	3
80	12	4	4	2	2	1	3	2
82	1	2	2	4	1	5	5	2
82	2	2	3	3	4	5	1	1
82	3	1	3	1	2	1	5	2
82	4	3	1	1	3	1	5	1
82	5	4	5	3	1	1	4	2
82	6	3	4	5	2	2	2	3
82	7	4	4	1	3	4	4	3
82	8	5	3	4	4	2	2	3
82	9	3	4	2	4	1	5	3
82	10	1	2	4	1	3	5	2
82	11	3	3	4	4	3	4	1
82	12	4	4	3	5	4	2	1
84	1	5	3	4	4	2	4	3
84	2	3	4	2	1	4	4	2
84	3	2	4	1	4	5	5	1
84	4	4	5	1	2	5	1	2
84	5	3	3	3	3	3	2	2
84	6	3	3	5	2	4	1	3
84	7	4	5	1	3	5	4	2
84	8	3	1	2	5	5	3	2
84	9	3	3	5	2	5	1	1
84	10	5	3	2	3	2	1	3
84	11	5	5	2	4	3	3	2
84	12	2	1	3	2	2	2	3
85	1	3	5	4	2	4	5	2
85	2	2	2	2	2	2	4	1
85	3	3	5	2	5	1	1	2
85	4	4	3	1	2	3	2	2
85	5	5	2	1	1	2	4	3
85	6	1	2	4	3	1	5	3
85	7	2	2	1	3	5	2	1
85	8	5	4	3	5	5	5	1
85	9	1	5	5	5	2	2	3
85	10	3	2	4	5	4	1	3
85	11	1	2	2	2	2	5	2
85	12	5	2	4	3	3	5	2
88	1	1	1	3	4	2	4	3
88	2	3	1	3	5	4	3	1
88	3	4	1	2	5	2	5	2
88	4	3	1	5	4	3	2	3
88	5	4	3	1	5	5	1	1
88	6	4	4	2	1	5	2	2
88	7	4	1	4	1	2	3	3
88	8	1	2	1	4	4	2	3
88	9	3	3	2	5	2	5	3
88	10	2	4	3	4	5	1	1
88	11	3	5	2	3	3	4	2
88	12	5	4	1	1	1	1	3
90	1	2	5	3	2	4	1	1
90	2	1	5	5	1	1	3	1
90	3	1	3	5	5	5	4	1
90	4	3	4	4	4	1	4	3
90	5	3	4	1	3	3	1	3
90	6	5	2	2	3	3	2	2
90	7	2	3	4	1	4	3	1
90	8	5	4	3	1	5	2	2
90	9	4	2	4	5	1	2	3
90	10	1	4	5	5	1	3	3
90	11	4	1	2	3	3	4	2
90	12	2	5	4	5	1	3	3
94	1	1	2	2	1	4	1	2
94	2	2	3	2	3	3	1	2
94	3	4	2	2	5	3	4	1
94	4	3	1	3	4	5	1	1
94	5	2	4	2	1	2	2	1
94	6	5	3	4	3	1	4	3
94	7	5	1	2	4	1	3	3
94	8	4	4	5	3	3	4	2
94	9	2	4	3	4	4	4	1
94	10	2	5	1	3	4	4	3
94	11	2	4	2	1	1	2	2
94	12	4	5	4	2	1	3	3
96	1	1	2	3	2	2	5	1
96	2	3	1	1	4	5	4	2
96	3	2	2	2	5	1	4	1
96	4	4	1	3	2	4	2	3
96	5	1	4	4	3	5	3	1
96	6	2	2	1	5	5	4	1
96	7	4	4	3	5	1	5	3
96	8	3	3	2	1	1	1	2
96	9	2	1	4	1	1	4	1
96	10	1	4	3	3	2	1	3
96	11	5	1	2	2	5	5	2
96	12	4	1	3	4	1	2	3
97	1	4	2	1	4	2	3	3
97	2	1	2	1	5	5	4	1
97	3	2	2	4	2	2	1	3
97	4	1	1	2	5	2	2	3
97	5	2	1	2	3	3	2	1
97	6	1	2	2	5	2	2	1
97	7	1	4	4	1	4	5	2
97	8	2	3	4	3	3	5	1
97	9	5	5	2	1	4	4	2
97	10	3	3	3	2	2	1	3
97	11	3	2	1	5	2	3	3
97	12	2	3	5	4	4	2	1
103	1	3	4	2	3	1	2	2
103	2	2	3	1	3	3	5	2
103	3	5	3	2	1	5	3	2
103	4	5	1	4	3	4	1	2
103	5	2	5	5	3	5	5	1
103	6	2	5	1	1	3	5	2
103	7	1	3	2	2	5	5	2
103	8	1	5	2	5	3	3	2
103	9	2	4	1	4	1	1	3
103	10	5	4	3	5	4	5	3
103	11	1	4	4	4	1	3	3
103	12	5	2	5	5	3	5	1
111	1	3	3	2	5	2	5	3
111	2	4	1	2	5	2	5	3
111	3	2	4	3	4	5	1	1
111	4	1	1	3	4	2	4	3
111	5	3	1	5	4	3	2	3
111	6	3	1	3	5	4	3	1
111	7	5	4	1	1	1	1	2
111	8	4	3	1	5	5	1	2
111	9	3	5	2	3	3	4	2
111	10	4	1	4	1	2	3	3
111	11	4	4	2	1	5	2	2
111	12	1	2	1	4	4	2	1
116	1	4	2	4	1	3	1	2
116	2	4	4	4	1	1	5	2
116	3	2	5	1	4	5	3	1
116	4	2	3	5	4	3	5	1
116	5	4	5	1	3	3	4	2
116	6	1	2	2	5	1	1	2
116	7	1	3	1	4	5	3	1
116	8	3	3	4	2	3	2	2
116	9	1	2	1	1	1	3	2
116	10	3	3	4	5	1	2	3
116	11	5	5	4	1	1	1	2
116	12	1	3	4	2	2	2	3
117	1	5	2	4	5	4	2	3
117	2	1	1	5	3	5	1	1
117	3	1	2	4	2	2	3	3
117	4	3	2	5	2	5	5	1
117	5	5	3	3	5	4	4	3
117	6	3	5	3	4	5	3	2
117	7	4	2	3	1	5	2	2
117	8	3	4	4	1	5	3	2
117	9	2	5	4	2	3	4	1
117	10	4	1	1	5	5	3	1
117	11	4	5	4	4	1	2	3
117	12	5	3	1	4	2	3	3
124	1	4	1	2	5	3	1	2
124	2	3	1	2	3	4	4	2
124	3	2	3	5	1	2	5	1
124	4	2	1	4	3	1	5	1
124	5	3	1	4	1	1	4	3
124	6	5	5	1	1	2	3	2
124	7	5	1	5	5	1	3	3
124	8	5	4	3	1	1	3	3
124	9	3	4	3	4	2	4	3
124	10	1	5	2	2	4	5	2
124	11	5	1	5	2	4	4	3
124	12	5	5	1	5	4	2	3
128	1	5	3	4	4	2	2	3
128	2	3	4	5	2	2	2	3
128	3	1	2	4	1	3	5	2
128	4	4	5	3	1	1	4	3
128	5	2	3	3	4	5	1	1
128	6	1	3	1	2	1	5	1
128	7	3	4	2	4	1	5	3
128	8	4	4	1	3	4	4	2
128	9	2	2	4	1	5	5	1
128	10	4	4	3	5	4	2	3
128	11	3	3	4	4	3	4	2
128	12	3	1	1	3	1	5	2
135	1	5	5	1	1	4	5	2
135	2	3	1	3	2	3	3	1
135	3	1	1	5	5	5	2	1
135	4	3	2	5	2	5	1	1
135	5	3	5	4	5	1	2	3
135	6	3	2	4	2	4	3	2
135	7	1	2	1	1	4	5	1
135	8	3	5	1	2	5	2	2
135	9	2	5	3	2	2	1	3
135	10	1	2	3	4	5	5	1
135	11	5	1	4	2	2	5	2
135	12	5	3	2	1	2	1	3
136	1	1	2	2	1	4	1	3
136	2	5	3	4	3	1	4	3
136	3	2	4	3	4	4	4	1
136	4	4	4	5	3	3	4	1
136	5	4	5	4	2	1	3	2
136	6	2	5	1	3	4	4	1
136	7	2	3	2	3	3	1	2
136	8	2	4	2	1	1	2	2
136	9	5	1	2	4	1	3	2
136	10	2	4	2	1	2	2	3
136	11	3	1	3	4	5	1	1
136	12	4	2	2	5	3	4	2
137	1	5	5	1	5	4	2	3
137	2	3	1	4	1	1	4	2
137	3	2	3	5	1	2	5	1
137	4	3	1	2	3	4	4	1
137	5	4	1	2	5	3	1	1
137	6	3	4	3	4	2	4	3
137	7	2	1	4	3	1	5	3
137	8	5	4	3	1	1	3	2
137	9	1	5	2	2	4	5	2
137	10	5	1	5	5	1	3	3
137	11	5	5	1	1	2	3	3
137	12	5	1	5	2	4	4	3
139	1	4	1	4	1	2	3	3
139	2	4	4	2	1	5	2	2
139	3	1	1	3	4	2	4	3
139	4	5	4	1	1	1	1	2
139	5	3	1	5	4	3	2	1
139	6	4	3	1	5	5	1	1
139	7	3	1	3	5	4	3	3
139	8	3	3	2	5	2	5	3
139	9	2	4	3	4	5	1	3
139	10	4	1	2	5	2	5	1
139	11	1	2	1	4	4	2	1
139	12	3	5	2	3	3	4	2
140	1	3	4	5	2	2	2	3
140	2	4	4	3	5	4	2	3
140	3	3	1	1	3	1	5	1
140	4	2	3	3	4	5	1	1
140	5	4	5	3	1	1	4	3
140	6	2	2	4	1	5	5	1
140	7	3	4	2	4	1	5	1
140	8	1	3	1	2	1	5	2
140	9	3	3	4	4	3	4	2
140	10	1	2	4	1	3	5	1
140	11	5	3	4	4	2	2	3
140	12	4	4	1	3	4	4	2
142	1	3	3	2	1	1	1	2
142	2	5	1	2	2	5	5	2
142	3	2	1	4	1	1	4	2
142	4	1	2	3	2	2	5	1
142	5	4	4	3	5	1	5	1
142	6	4	1	3	2	4	2	1
142	7	4	1	3	4	1	2	1
142	8	2	2	2	5	1	4	1
142	9	1	4	3	3	2	1	3
142	10	2	2	1	5	5	4	1
142	11	3	1	1	4	5	4	1
142	12	1	4	4	3	5	3	2
147	1	1	2	2	2	2	5	2
147	2	3	5	4	2	4	5	2
147	3	2	2	1	3	5	2	2
147	4	1	2	4	3	1	5	1
147	5	5	2	4	3	3	5	2
147	6	5	4	3	5	5	5	2
147	7	1	5	5	5	2	2	3
147	8	4	3	1	2	3	2	2
147	9	3	5	2	5	1	1	3
147	10	2	2	2	2	2	4	2
147	11	3	2	4	5	4	1	3
147	12	5	2	1	1	2	4	2
149	1	5	4	3	1	1	3	3
149	2	3	1	4	1	1	4	1
149	3	5	5	1	5	4	2	3
149	4	5	5	1	1	2	3	3
149	5	4	1	2	5	3	1	2
149	6	3	4	3	4	2	4	3
149	7	5	1	5	5	1	3	1
149	8	2	1	4	3	1	5	1
149	9	2	3	5	1	2	5	3
149	10	3	1	2	3	4	4	2
149	11	1	5	2	2	4	5	2
149	12	5	1	5	2	4	4	1
152	1	3	2	3	4	2	3	3
152	2	4	3	1	4	4	4	1
152	3	3	4	5	2	2	1	3
152	4	1	4	2	2	4	4	2
152	5	2	1	2	1	1	1	2
152	6	1	4	2	4	3	2	1
152	7	2	3	5	4	3	3	1
152	8	1	1	5	3	1	3	1
152	9	3	5	1	4	1	4	2
152	10	5	2	5	5	4	4	3
152	11	4	4	3	2	3	5	1
152	12	4	2	1	3	4	5	2
155	1	1	4	3	5	1	4	3
155	2	4	3	5	4	3	3	3
155	3	4	4	1	3	4	5	3
155	4	5	3	1	1	1	3	2
155	5	3	2	4	3	4	2	1
155	6	1	5	5	3	2	4	3
155	7	1	1	2	3	4	1	2
155	8	3	5	1	2	1	5	2
155	9	4	3	4	3	5	4	1
155	10	5	4	4	4	5	4	2
155	11	1	2	1	2	3	1	2
155	12	4	1	1	1	3	4	2
156	1	4	2	5	3	2	1	3
156	2	5	5	2	3	3	2	2
156	3	5	3	3	5	5	3	2
156	4	5	3	2	3	2	1	2
156	5	5	1	5	4	2	2	3
156	6	3	3	1	3	1	5	2
156	7	2	5	4	3	3	3	1
156	8	4	4	2	2	1	3	3
156	9	4	3	5	4	4	5	1
156	10	1	3	1	2	5	5	2
156	11	2	5	5	1	3	1	1
156	12	5	5	4	1	3	1	2
162	1	5	5	2	3	3	2	2
162	2	4	4	2	2	1	3	2
162	3	4	2	5	3	2	1	3
162	4	2	5	5	1	3	1	1
162	5	4	3	5	4	4	5	1
162	6	3	3	1	3	1	5	3
162	7	5	3	2	3	2	1	3
162	8	5	5	4	1	3	1	2
162	9	2	5	4	3	3	3	1
162	10	5	3	3	5	5	3	3
162	11	5	1	5	4	2	2	3
162	12	1	3	1	2	5	5	2
165	1	3	5	1	2	1	5	2
165	2	4	3	4	3	5	4	1
165	3	5	3	1	1	1	3	3
165	4	4	3	5	4	3	3	3
165	5	5	4	4	4	5	4	2
165	6	1	4	3	5	1	4	3
165	7	3	2	4	3	4	2	3
165	8	1	2	1	2	3	1	3
165	9	4	1	1	1	3	4	2
165	10	1	1	2	3	4	1	2
165	11	1	5	5	3	2	4	3
165	12	4	4	1	3	4	5	2
169	1	5	1	5	2	4	4	3
169	2	4	1	2	5	3	1	2
169	3	2	1	4	3	1	5	1
169	4	3	1	4	1	1	4	2
169	5	2	3	5	1	2	5	1
169	6	5	1	5	5	1	3	3
169	7	3	4	3	4	2	4	3
169	8	5	4	3	1	1	3	3
169	9	3	1	2	3	4	4	2
169	10	1	5	2	2	4	5	2
169	11	5	5	1	1	2	3	3
169	12	5	5	1	5	4	2	3
170	1	1	1	5	5	5	2	1
170	2	1	2	3	4	5	5	1
170	3	3	5	4	5	1	2	3
170	4	3	1	3	2	3	3	2
170	5	5	3	2	1	2	1	2
170	6	1	2	1	1	4	5	1
170	7	5	5	1	1	4	5	2
170	8	3	2	5	2	5	1	3
170	9	3	2	4	2	4	3	2
170	10	5	1	4	2	2	5	2
170	11	2	5	3	2	2	1	3
170	12	3	5	1	2	5	2	2
171	1	2	3	3	5	4	2	1
171	2	4	2	5	1	4	2	1
171	3	5	5	3	2	5	1	3
171	4	2	5	5	1	3	3	1
171	5	2	3	3	2	4	1	1
171	6	3	1	3	5	4	2	3
171	7	5	2	2	3	1	4	2
171	8	1	1	5	2	3	5	1
171	9	2	1	4	3	5	1	1
171	10	2	4	5	4	4	1	1
171	11	3	2	1	2	3	5	2
171	12	4	5	3	5	2	5	3
172	1	5	2	1	1	2	4	3
172	2	3	2	4	5	4	1	3
172	3	2	2	2	2	2	4	1
172	4	3	5	2	5	1	1	3
172	5	1	5	5	5	2	2	3
172	6	4	3	1	2	3	2	1
172	7	1	2	2	2	2	5	2
172	8	5	2	4	3	3	5	2
172	9	1	2	4	3	1	5	1
172	10	5	4	3	5	5	5	2
172	11	2	2	1	3	5	2	1
172	12	3	5	4	2	4	5	2
177	1	1	4	2	2	4	4	2
177	2	5	2	5	5	4	4	3
177	3	4	3	1	4	4	4	3
177	4	4	2	1	3	4	5	2
177	5	1	4	2	4	3	2	2
177	6	3	4	5	2	2	1	3
177	7	3	2	3	4	2	3	2
177	8	1	1	5	3	1	3	1
177	9	2	3	5	4	3	3	1
177	10	4	4	3	2	3	5	2
177	11	3	5	1	4	1	4	3
177	12	2	1	2	1	1	1	2
180	1	5	2	2	3	3	2	2
180	2	4	2	4	5	1	2	3
180	3	1	5	5	1	1	3	3
180	4	2	5	3	2	4	1	1
180	5	1	3	5	5	5	4	1
180	6	3	4	4	4	1	4	3
180	7	2	5	4	5	1	3	3
180	8	1	4	5	5	1	3	1
180	9	3	4	1	3	3	1	3
180	10	4	1	2	3	3	4	2
180	11	2	3	4	1	4	3	1
180	12	5	4	3	1	5	2	2
184	1	2	1	1	3	5	1	1
184	2	2	4	3	4	2	5	1
184	3	5	5	3	1	2	4	2
184	4	3	4	3	2	4	1	3
184	5	5	1	5	1	1	1	3
184	6	3	1	5	5	4	3	3
184	7	1	5	5	3	2	2	3
184	8	5	3	2	3	3	1	2
184	9	4	4	5	5	3	2	1
184	10	5	4	5	4	2	4	3
184	11	4	4	2	5	2	1	2
184	12	5	4	3	2	2	3	3
185	1	2	2	2	5	1	4	1
185	2	1	4	3	3	2	1	3
185	3	1	2	3	2	2	5	3
185	4	4	1	3	2	4	2	1
185	5	1	4	4	3	5	3	1
185	6	3	3	2	1	1	1	2
185	7	4	1	3	4	1	2	1
185	8	2	1	4	1	1	4	1
185	9	5	1	2	2	5	5	2
185	10	3	1	1	4	5	4	2
185	11	2	2	1	5	5	4	1
185	12	4	4	3	5	1	5	3
191	1	1	5	5	3	2	2	3
191	2	2	1	1	3	5	1	2
191	3	3	4	3	2	4	1	2
191	4	5	1	5	1	1	1	3
191	5	5	4	3	2	2	3	3
191	6	5	4	5	4	2	4	3
191	7	4	4	5	5	3	2	3
191	8	3	1	5	5	4	3	1
191	9	2	4	3	4	2	5	1
191	10	5	5	3	1	2	4	3
191	11	4	4	2	5	2	1	1
191	12	5	3	2	3	3	1	2
192	1	5	5	4	1	1	1	3
192	2	2	5	1	4	5	3	1
192	3	3	3	4	2	3	2	2
192	4	3	3	4	5	1	2	3
192	5	2	3	5	4	3	5	1
192	6	4	5	1	3	3	4	2
192	7	1	3	1	4	5	3	3
192	8	4	2	4	1	3	1	2
192	9	4	4	4	1	1	5	2
192	10	1	3	4	2	2	2	3
192	11	1	2	2	5	1	1	3
192	12	1	2	1	1	1	3	2
193	1	3	4	5	2	2	2	3
193	2	3	1	1	3	1	5	3
193	3	4	4	1	3	4	4	2
193	4	3	3	4	4	3	4	1
193	5	1	2	4	1	3	5	1
193	6	4	5	3	1	1	4	2
193	7	4	4	3	5	4	2	2
193	8	5	3	4	4	2	2	3
193	9	2	2	4	1	5	5	1
193	10	1	3	1	2	1	5	3
193	11	3	4	2	4	1	5	2
193	12	2	3	3	4	5	1	1
194	1	5	3	3	5	4	4	3
194	2	5	3	1	4	2	3	3
194	3	3	2	5	2	5	5	1
194	4	4	2	3	1	5	2	2
194	5	1	2	4	2	2	3	1
194	6	4	1	1	5	5	3	1
194	7	4	5	4	4	1	2	3
194	8	3	5	3	4	5	3	1
194	9	1	1	5	3	5	1	1
194	10	3	4	4	1	5	3	2
194	11	2	5	4	2	3	4	1
194	12	5	2	4	5	4	2	3
198	1	3	2	4	2	1	2	2
198	2	4	5	2	3	5	2	2
198	3	4	5	5	1	3	4	1
198	4	4	2	3	4	3	3	1
198	5	2	1	3	4	1	4	1
198	6	5	3	3	2	4	3	2
198	7	1	3	1	5	5	3	1
198	8	2	4	4	1	4	1	3
198	9	5	1	4	3	3	2	3
198	10	2	5	2	4	4	3	2
198	11	5	5	5	1	2	2	3
198	12	4	3	1	1	5	5	1
200	1	5	5	1	1	4	5	2
200	2	1	2	1	1	4	5	1
200	3	5	1	4	2	2	5	3
200	4	1	2	3	4	5	5	1
200	5	2	5	3	2	2	1	3
200	6	3	5	1	2	5	2	2
200	7	3	2	5	2	5	1	1
200	8	3	1	3	2	3	3	1
200	9	3	5	4	5	1	2	3
200	10	3	2	4	2	4	3	2
200	11	5	3	2	1	2	1	2
200	12	1	1	5	5	5	2	1
201	1	4	2	5	3	2	1	1
201	2	4	3	5	4	4	5	1
201	3	5	1	5	4	2	2	3
201	4	3	3	1	3	1	5	2
201	5	2	5	5	1	3	1	3
201	6	1	3	1	2	5	5	1
201	7	4	4	2	2	1	3	2
201	8	5	5	2	3	3	2	2
201	9	2	5	4	3	3	3	1
201	10	5	5	4	1	3	1	2
201	11	5	3	2	3	2	1	2
201	12	5	3	3	5	5	3	2
203	1	5	3	4	4	2	2	3
203	2	1	2	4	1	3	5	2
203	3	3	4	2	4	1	5	2
203	4	4	5	3	1	1	4	3
203	5	2	3	3	4	5	1	1
203	6	4	4	1	3	4	4	2
203	7	2	2	4	1	5	5	1
203	8	3	4	5	2	2	2	3
203	9	1	3	1	2	1	5	1
203	10	4	4	3	5	4	2	3
203	11	3	3	4	4	3	4	2
203	12	3	1	1	3	1	5	1
207	1	1	1	2	2	4	5	1
207	2	4	5	3	5	5	3	1
207	3	2	1	2	1	2	3	2
207	4	5	4	5	4	3	2	3
207	5	5	1	4	2	5	3	2
207	6	2	2	2	5	5	1	1
207	7	5	1	1	3	4	4	2
207	8	5	2	5	1	3	4	2
207	9	1	4	1	3	1	2	1
207	10	4	2	1	4	5	5	1
207	11	4	1	5	4	3	4	3
207	12	3	5	3	4	2	5	3
208	1	5	5	3	1	2	4	3
208	2	2	4	3	4	2	5	1
208	3	5	4	3	2	2	3	3
208	4	4	4	5	5	3	2	3
208	5	4	4	2	5	2	1	3
208	6	5	3	2	3	3	1	2
208	7	1	5	5	3	2	2	3
208	8	2	1	1	3	5	1	1
208	9	5	1	5	1	1	1	3
208	10	3	1	5	5	4	3	1
208	11	3	4	3	2	4	1	3
208	12	5	4	5	4	2	4	3
209	1	2	4	3	4	4	4	1
209	2	2	4	2	1	1	2	1
209	3	2	4	2	1	2	2	3
209	4	2	3	2	3	3	1	1
209	5	1	2	2	1	4	1	2
209	6	4	4	5	3	3	4	3
209	7	5	1	2	4	1	3	3
209	8	5	3	4	3	1	4	3
209	9	3	1	3	4	5	1	1
209	10	4	2	2	5	3	4	2
209	11	4	5	4	2	1	3	3
209	12	2	5	1	3	4	4	3
218	1	3	5	4	2	4	5	3
218	2	1	2	4	3	1	5	1
218	3	5	4	3	5	5	5	3
218	4	3	5	2	5	1	1	2
218	5	5	2	1	1	2	4	2
218	6	4	3	1	2	3	2	2
218	7	2	2	1	3	5	2	1
218	8	2	2	2	2	2	4	2
218	9	1	2	2	2	2	5	1
218	10	3	2	4	5	4	1	3
218	11	1	5	5	5	2	2	3
218	12	5	2	4	3	3	5	2
219	1	4	5	5	1	3	4	3
219	2	1	3	1	5	5	3	1
219	3	2	4	4	1	4	1	1
219	4	4	3	1	1	5	5	2
219	5	2	1	3	4	1	4	1
219	6	5	1	4	3	3	2	2
219	7	2	5	2	4	4	3	2
219	8	3	2	4	2	1	2	3
219	9	5	5	5	1	2	2	3
219	10	5	3	3	2	4	3	3
219	11	4	5	2	3	5	2	2
219	12	4	2	3	4	3	3	3
220	1	3	1	5	4	3	2	3
220	2	3	3	2	5	2	5	2
220	3	4	3	1	5	5	1	1
220	4	1	2	1	4	4	2	1
220	5	4	1	2	5	2	5	2
220	6	5	4	1	1	1	1	3
220	7	1	1	3	4	2	4	3
220	8	3	5	2	3	3	4	2
220	9	4	4	2	1	5	2	2
220	10	4	1	4	1	2	3	2
220	11	3	1	3	5	4	3	3
220	12	2	4	3	4	5	1	1
221	1	1	4	4	4	1	3	1
221	2	5	3	2	1	5	3	2
221	3	2	4	1	4	1	1	1
221	4	5	4	3	5	4	5	2
221	5	5	2	5	5	3	5	1
221	6	1	3	2	2	5	5	2
221	7	2	5	5	3	5	5	1
221	8	2	5	1	1	3	5	1
221	9	2	3	1	3	3	5	1
221	10	1	5	2	5	3	3	2
221	11	5	1	4	3	4	1	2
221	12	3	4	2	3	1	2	2
222	1	3	2	4	5	4	1	3
222	2	2	2	2	2	2	4	1
222	3	5	2	1	1	2	4	2
222	4	2	2	1	3	5	2	1
222	5	3	5	2	5	1	1	3
222	6	1	5	5	5	2	2	3
222	7	1	2	4	3	1	5	1
222	8	3	5	4	2	4	5	1
222	9	5	4	3	5	5	5	2
222	10	1	2	2	2	2	5	2
222	11	5	2	4	3	3	5	2
222	12	4	3	1	2	3	2	2
223	1	2	3	5	1	2	5	1
223	2	3	1	4	1	1	4	3
223	3	5	1	5	5	1	3	1
223	4	4	1	2	5	3	1	1
223	5	5	5	1	1	2	3	3
223	6	1	5	2	2	4	5	2
223	7	3	4	3	4	2	4	3
223	8	5	5	1	5	4	2	3
223	9	3	1	2	3	4	4	2
223	10	2	1	4	3	1	5	1
223	11	5	4	3	1	1	3	3
223	12	5	1	5	2	4	4	1
224	1	4	4	1	3	4	5	2
224	2	3	2	4	3	4	2	1
224	3	4	3	5	4	3	3	1
224	4	3	5	1	2	1	5	3
224	5	1	1	2	3	4	1	2
224	6	1	4	3	5	1	4	3
224	7	1	5	5	3	2	4	3
224	8	5	3	1	1	1	3	2
224	9	1	2	1	2	3	1	2
224	10	5	4	4	4	5	4	1
224	11	4	3	4	3	5	4	1
224	12	4	1	1	1	3	4	2
225	1	1	2	2	1	4	1	2
225	2	2	4	3	4	4	4	1
225	3	2	5	1	3	4	4	2
225	4	4	2	2	5	3	4	2
225	5	4	5	4	2	1	3	3
225	6	5	1	2	4	1	3	2
225	7	5	3	4	3	1	4	3
225	8	2	4	2	1	2	2	2
225	9	2	4	2	1	1	2	2
225	10	2	3	2	3	3	1	2
225	11	4	4	5	3	3	4	3
225	12	3	1	3	4	5	1	1
230	1	1	3	2	2	5	5	2
230	2	2	4	1	4	1	1	3
230	3	2	5	1	1	3	5	1
230	4	5	1	4	3	4	1	3
230	5	1	5	2	5	3	3	2
230	6	2	3	1	3	3	5	1
230	7	5	3	2	1	5	3	2
230	8	3	4	2	3	1	2	2
230	9	5	2	5	5	3	5	1
230	10	2	5	5	3	5	5	1
230	11	5	4	3	5	4	5	3
230	12	1	4	4	4	1	3	1
232	1	5	4	4	4	5	4	2
232	2	5	3	1	1	1	3	2
232	3	4	1	1	1	3	4	2
232	4	1	4	3	5	1	4	3
232	5	4	3	5	4	3	3	3
232	6	3	2	4	3	4	2	3
232	7	1	1	2	3	4	1	2
232	8	4	4	1	3	4	5	2
232	9	1	5	5	3	2	4	3
232	10	4	3	4	3	5	4	1
232	11	1	2	1	2	3	1	3
232	12	3	5	1	2	1	5	2
243	1	1	2	2	5	2	2	3
243	2	1	1	2	5	2	2	3
243	3	2	3	5	4	4	2	1
243	4	2	2	4	2	2	1	3
243	5	2	1	2	3	3	2	1
243	6	3	2	1	5	2	3	3
243	7	5	5	2	1	4	4	2
243	8	1	2	1	5	5	4	1
243	9	2	3	4	3	3	5	1
243	10	3	3	3	2	2	1	3
243	11	1	4	4	1	4	5	2
243	12	4	2	1	4	2	3	3
245	1	2	3	3	2	4	1	1
245	2	1	1	5	2	3	5	1
245	3	2	4	5	4	4	1	1
245	4	5	2	2	3	1	4	2
245	5	3	2	1	2	3	5	2
245	6	2	1	4	3	5	1	1
245	7	4	2	5	1	4	2	3
245	8	2	3	3	5	4	2	1
245	9	5	5	3	2	5	1	3
245	10	4	5	3	5	2	5	3
245	11	3	1	3	5	4	2	2
245	12	2	5	5	1	3	3	1
247	1	3	3	5	2	5	1	1
247	2	5	3	2	3	2	1	3
247	3	4	5	1	2	5	1	2
247	4	2	1	3	2	2	2	3
247	5	3	3	3	3	3	2	1
247	6	3	4	2	1	4	4	2
247	7	5	5	2	4	3	3	2
247	8	3	3	5	2	4	1	3
247	9	4	5	1	3	5	4	2
247	10	5	3	4	4	2	4	2
247	11	2	4	1	4	5	5	2
247	12	3	1	2	5	5	3	2
248	1	4	2	1	4	5	5	2
248	2	3	5	3	4	2	5	1
248	3	5	1	1	3	4	4	2
248	4	1	4	1	3	1	2	3
248	5	4	1	5	4	3	4	1
248	6	5	1	4	2	5	3	2
248	7	2	1	2	1	2	3	3
248	8	2	2	2	5	5	1	1
248	9	5	4	5	4	3	2	3
248	10	4	5	3	5	5	3	1
248	11	1	1	2	2	4	5	1
248	12	5	2	5	1	3	4	2
249	1	5	4	3	1	5	2	2
249	2	1	5	5	1	1	3	3
249	3	2	5	3	2	4	1	3
249	4	3	4	4	4	1	4	3
249	5	4	2	4	5	1	2	3
249	6	1	3	5	5	5	4	1
249	7	2	5	4	5	1	3	1
249	8	2	3	4	1	4	3	1
249	9	5	2	2	3	3	2	2
249	10	4	1	2	3	3	4	2
249	11	3	4	1	3	3	1	2
249	12	1	4	5	5	1	3	3
261	1	3	1	5	4	3	2	1
261	2	2	4	3	4	5	1	1
261	3	1	1	3	4	2	4	3
261	4	4	4	2	1	5	2	2
261	5	4	1	2	5	2	5	1
261	6	1	2	1	4	4	2	1
261	7	3	1	3	5	4	3	3
261	8	3	5	2	3	3	4	2
261	9	4	1	4	1	2	3	3
261	10	5	4	1	1	1	1	3
261	11	3	3	2	5	2	5	3
261	12	4	3	1	5	5	1	2
262	1	1	2	4	2	2	3	3
262	2	2	5	4	2	3	4	1
262	3	3	4	4	1	5	3	2
262	4	5	3	1	4	2	3	3
262	5	4	1	1	5	5	3	1
262	6	4	5	4	4	1	2	3
262	7	3	5	3	4	5	3	1
262	8	5	2	4	5	4	2	3
262	9	5	3	3	5	4	4	3
262	10	3	2	5	2	5	5	2
262	11	1	1	5	3	5	1	1
262	12	4	2	3	1	5	2	1
263	1	4	5	3	1	1	4	3
263	2	2	3	3	4	5	1	1
263	3	3	3	4	4	3	4	2
263	4	3	1	1	3	1	5	3
263	5	3	4	5	2	2	2	3
263	6	1	2	4	1	3	5	1
263	7	5	3	4	4	2	2	3
263	8	4	4	1	3	4	4	1
263	9	4	4	3	5	4	2	3
263	10	2	2	4	1	5	5	2
263	11	3	4	2	4	1	5	2
263	12	1	3	1	2	1	5	2
265	1	1	2	2	2	2	5	2
265	2	1	5	5	5	2	2	3
265	3	3	2	4	5	4	1	3
265	4	1	2	4	3	1	5	1
265	5	5	2	4	3	3	5	3
265	6	5	2	1	1	2	4	3
265	7	3	5	2	5	1	1	3
265	8	5	4	3	5	5	5	2
265	9	2	2	2	2	2	4	1
265	10	4	3	1	2	3	2	2
265	11	2	2	1	3	5	2	1
265	12	3	5	4	2	4	5	2
267	1	1	5	2	2	4	5	2
267	2	4	1	2	5	3	1	2
267	3	3	4	3	4	2	4	3
267	4	5	1	5	5	1	3	3
267	5	2	3	5	1	2	5	1
267	6	5	1	5	2	4	4	3
267	7	5	4	3	1	1	3	2
267	8	5	5	1	1	2	3	3
267	9	2	1	4	3	1	5	1
267	10	5	5	1	5	4	2	3
267	11	3	1	4	1	1	4	1
267	12	3	1	2	3	4	4	2
268	1	3	1	3	4	5	1	1
268	2	5	1	2	4	1	3	2
268	3	5	3	4	3	1	4	3
268	4	2	5	1	3	4	4	1
268	5	4	2	2	5	3	4	2
268	6	2	4	2	1	2	2	2
268	7	2	4	3	4	4	4	1
268	8	2	3	2	3	3	1	1
268	9	1	2	2	1	4	1	3
268	10	4	4	5	3	3	4	1
268	11	2	4	2	1	1	2	2
268	12	4	5	4	2	1	3	2
269	1	1	3	5	5	5	4	1
269	2	3	4	1	3	3	1	2
269	3	2	5	3	2	4	1	3
269	4	4	1	2	3	3	4	2
269	5	1	5	5	1	1	3	3
269	6	3	4	4	4	1	4	3
269	7	5	4	3	1	5	2	2
269	8	2	3	4	1	4	3	1
269	9	2	5	4	5	1	3	1
269	10	1	4	5	5	1	3	3
269	11	5	2	2	3	3	2	2
269	12	4	2	4	5	1	2	3
274	1	1	4	3	5	1	4	1
274	2	4	4	1	3	4	5	1
274	3	1	2	1	2	3	1	2
274	4	4	3	4	3	5	4	2
274	5	5	3	1	1	1	3	2
274	6	1	5	5	3	2	4	3
274	7	3	5	1	2	1	5	2
274	8	5	4	4	4	5	4	2
274	9	4	3	5	4	3	3	3
274	10	4	1	1	1	3	4	1
274	11	1	1	2	3	4	1	1
274	12	3	2	4	3	4	2	3
280	1	2	3	1	3	3	5	1
280	2	2	5	5	3	5	5	1
280	3	5	1	4	3	4	1	3
280	4	3	4	2	3	1	2	2
280	5	1	5	2	5	3	3	2
280	6	1	3	2	2	5	5	2
280	7	5	4	3	5	4	5	2
280	8	1	4	4	4	1	3	1
280	9	5	3	2	1	5	3	2
280	10	2	4	1	4	1	1	3
280	11	5	2	5	5	3	5	3
280	12	2	5	1	1	3	5	2
281	1	1	2	1	4	4	2	1
281	2	3	1	3	5	4	3	3
281	3	3	1	5	4	3	2	1
281	4	2	4	3	4	5	1	1
281	5	4	4	2	1	5	2	2
281	6	4	1	2	5	2	5	2
281	7	4	3	1	5	5	1	1
281	8	4	1	4	1	2	3	3
281	9	3	5	2	3	3	4	2
281	10	3	3	2	5	2	5	3
281	11	5	4	1	1	1	1	2
281	12	1	1	3	4	2	4	1
282	1	5	5	4	1	3	1	3
282	2	4	2	5	3	2	1	3
282	3	4	4	2	2	1	3	2
282	4	3	3	1	3	1	5	2
282	5	5	5	2	3	3	2	2
282	6	4	3	5	4	4	5	1
282	7	2	5	4	3	3	3	3
282	8	1	3	1	2	5	5	1
282	9	2	5	5	1	3	1	3
282	10	5	3	3	5	5	3	1
282	11	5	3	2	3	2	1	3
282	12	5	1	5	4	2	2	3
284	1	3	2	1	5	2	3	3
284	2	4	2	1	4	2	3	1
284	3	1	2	2	5	2	2	3
284	4	1	1	2	5	2	2	1
284	5	3	3	3	2	2	1	2
284	6	1	4	4	1	4	5	2
284	7	2	3	5	4	4	2	3
284	8	5	5	2	1	4	4	2
284	9	2	1	2	3	3	2	1
284	10	1	2	1	5	5	4	1
284	11	2	3	4	3	3	5	1
284	12	2	2	4	2	2	1	1
288	1	4	2	1	3	4	5	2
288	2	1	4	2	2	4	4	2
288	3	1	4	2	4	3	2	2
288	4	5	2	5	5	4	4	1
288	5	4	3	1	4	4	4	1
288	6	3	2	3	4	2	3	3
288	7	3	4	5	2	2	1	3
288	8	3	5	1	4	1	4	3
288	9	4	4	3	2	3	5	2
288	10	2	3	5	4	3	3	1
288	11	2	1	2	1	1	1	1
288	12	1	1	5	3	1	3	1
291	1	3	4	4	1	5	3	2
291	2	5	3	3	5	4	4	3
291	3	2	5	4	2	3	4	1
291	4	4	1	1	5	5	3	1
291	5	5	3	1	4	2	3	3
291	6	4	5	4	4	1	2	3
291	7	4	2	3	1	5	2	1
291	8	1	2	4	2	2	3	3
291	9	3	2	5	2	5	5	1
291	10	1	1	5	3	5	1	1
291	11	3	5	3	4	5	3	3
291	12	5	2	4	5	4	2	3
296	1	1	3	2	2	5	5	2
296	2	2	5	1	1	3	5	2
296	3	5	2	5	5	3	5	3
296	4	2	4	1	4	1	1	3
296	5	5	3	2	1	5	3	2
296	6	2	5	5	3	5	5	1
296	7	5	4	3	5	4	5	3
296	8	1	5	2	5	3	3	2
296	9	3	4	2	3	1	2	2
296	10	2	3	1	3	3	5	1
296	11	1	4	4	4	1	3	3
296	12	5	1	4	3	4	1	3
298	1	2	1	3	2	2	2	3
298	2	5	3	4	4	2	4	2
298	3	2	4	1	4	5	5	2
298	4	4	5	1	3	5	4	2
298	5	3	3	5	2	5	1	1
298	6	3	1	2	5	5	3	1
298	7	5	5	2	4	3	3	2
298	8	4	5	1	2	5	1	2
298	9	5	3	2	3	2	1	3
298	10	3	3	5	2	4	1	1
298	11	3	4	2	1	4	4	2
298	12	3	3	3	3	3	2	3
302	1	5	5	1	1	2	3	3
302	2	4	1	2	5	3	1	1
302	3	3	4	3	4	2	4	3
302	4	3	1	2	3	4	4	2
302	5	1	5	2	2	4	5	2
302	6	2	1	4	3	1	5	1
302	7	5	4	3	1	1	3	3
302	8	5	1	5	5	1	3	3
302	9	5	5	1	5	4	2	3
302	10	2	3	5	1	2	5	1
302	11	3	1	4	1	1	4	2
302	12	5	1	5	2	4	4	3
304	1	2	4	2	1	2	2	2
304	2	2	3	2	3	3	1	1
304	3	2	5	1	3	4	4	1
304	4	5	3	4	3	1	4	3
304	5	2	4	2	1	1	2	2
304	6	1	2	2	1	4	1	2
304	7	5	1	2	4	1	3	2
304	8	3	1	3	4	5	1	1
304	9	4	5	4	2	1	3	2
304	10	4	2	2	5	3	4	1
304	11	2	4	3	4	4	4	1
304	12	4	4	5	3	3	4	1
308	1	2	1	2	1	2	3	1
308	2	2	2	2	5	5	1	1
308	3	1	1	2	2	4	5	2
308	4	4	5	3	5	5	3	3
308	5	5	1	4	2	5	3	1
308	6	5	2	5	1	3	4	3
308	7	3	5	3	4	2	5	3
308	8	1	4	1	3	1	2	2
308	9	4	2	1	4	5	5	1
308	10	5	4	5	4	3	2	3
308	11	5	1	1	3	4	4	2
308	12	4	1	5	4	3	4	1
315	1	3	2	4	5	4	1	2
315	2	3	5	2	5	1	1	3
315	3	2	2	1	3	5	2	1
315	4	5	4	3	5	5	5	2
315	5	1	2	4	3	1	5	1
315	6	2	2	2	2	2	4	1
315	7	1	2	2	2	2	5	2
315	8	4	3	1	2	3	2	2
315	9	5	2	4	3	3	5	2
315	10	5	2	1	1	2	4	2
315	11	3	5	4	2	4	5	2
315	12	1	5	5	5	2	2	3
318	1	4	2	4	5	1	2	3
318	2	4	1	2	3	3	4	2
318	3	3	4	4	4	1	4	3
318	4	2	5	4	5	1	3	1
318	5	5	2	2	3	3	2	2
318	6	3	4	1	3	3	1	3
318	7	2	3	4	1	4	3	2
318	8	1	3	5	5	5	4	1
318	9	1	5	5	1	1	3	3
318	10	2	5	3	2	4	1	3
318	11	5	4	3	1	5	2	2
318	12	1	4	5	5	1	3	3
319	1	4	2	3	1	5	2	1
319	2	5	3	1	4	2	3	3
319	3	4	1	1	5	5	3	1
319	4	1	1	5	3	5	1	1
319	5	3	2	5	2	5	5	1
319	6	2	5	4	2	3	4	1
319	7	3	4	4	1	5	3	2
319	8	4	5	4	4	1	2	3
319	9	5	2	4	5	4	2	3
319	10	1	2	4	2	2	3	3
319	11	3	5	3	4	5	3	1
319	12	5	3	3	5	4	4	3
320	1	3	3	5	2	5	1	3
320	2	3	3	3	3	3	2	3
320	3	4	5	1	2	5	1	2
320	4	4	5	1	3	5	4	2
320	5	3	3	5	2	4	1	1
320	6	2	4	1	4	5	5	1
320	7	3	4	2	1	4	4	2
320	8	5	3	4	4	2	4	3
320	9	5	3	2	3	2	1	3
320	10	5	5	2	4	3	3	2
320	11	3	1	2	5	5	3	2
320	12	2	1	3	2	2	2	3
326	1	4	5	3	5	2	5	3
326	2	3	1	3	5	4	2	3
326	3	2	4	5	4	4	1	3
326	4	4	2	5	1	4	2	3
326	5	5	2	2	3	1	4	2
326	6	5	5	3	2	5	1	3
326	7	2	3	3	2	4	1	1
326	8	2	1	4	3	5	1	1
326	9	1	1	5	2	3	5	1
326	10	2	3	3	5	4	2	1
326	11	2	5	5	1	3	3	1
326	12	3	2	1	2	3	5	2
329	1	5	1	5	4	2	2	3
329	2	2	5	5	1	3	1	3
329	3	1	3	1	2	5	5	1
329	4	5	3	3	5	5	3	1
329	5	4	3	5	4	4	5	1
329	6	5	5	2	3	3	2	2
329	7	4	4	2	2	1	3	2
329	8	2	5	4	3	3	3	1
329	9	3	3	1	3	1	5	2
329	10	5	3	2	3	2	1	3
329	11	5	5	4	1	3	1	2
329	12	4	2	5	3	2	1	3
330	1	5	1	5	5	1	3	3
330	2	5	4	3	1	1	3	2
330	3	2	1	4	3	1	5	1
330	4	4	1	2	5	3	1	2
330	5	5	1	5	2	4	4	3
330	6	3	1	4	1	1	4	3
330	7	1	5	2	2	4	5	2
330	8	3	4	3	4	2	4	3
330	9	5	5	1	5	4	2	3
330	10	3	1	2	3	4	4	1
330	11	5	5	1	1	2	3	2
330	12	2	3	5	1	2	5	1
336	1	2	3	5	4	3	5	1
336	2	4	4	4	1	1	5	1
336	3	3	3	4	5	1	2	3
336	4	4	5	1	3	3	4	2
336	5	1	3	4	2	2	2	3
336	6	4	2	4	1	3	1	2
336	7	2	5	1	4	5	3	1
336	8	1	2	2	5	1	1	1
336	9	3	3	4	2	3	2	2
336	10	1	3	1	4	5	3	2
336	11	5	5	4	1	1	1	2
336	12	1	2	1	1	1	3	1
338	1	1	4	2	2	4	4	2
338	2	3	2	3	4	2	3	3
338	3	5	2	5	5	4	4	3
338	4	3	4	5	2	2	1	3
338	5	2	1	2	1	1	1	1
338	6	4	2	1	3	4	5	2
338	7	1	4	2	4	3	2	2
338	8	4	4	3	2	3	5	1
338	9	1	1	5	3	1	3	1
338	10	2	3	5	4	3	3	1
338	11	4	3	1	4	4	4	1
338	12	3	5	1	4	1	4	3
342	1	2	3	3	4	5	1	1
342	2	3	4	2	4	1	5	2
342	3	4	5	3	1	1	4	3
342	4	1	3	1	2	1	5	2
342	5	4	4	1	3	4	4	2
342	6	5	3	4	4	2	2	3
342	7	3	1	1	3	1	5	2
342	8	1	2	4	1	3	5	2
342	9	3	4	5	2	2	2	3
342	10	4	4	3	5	4	2	3
342	11	2	2	4	1	5	5	1
342	12	3	3	4	4	3	4	1
346	1	1	2	4	3	1	5	3
346	2	3	5	2	5	1	1	2
346	3	4	3	1	2	3	2	1
346	4	1	2	2	2	2	5	2
346	5	3	5	4	2	4	5	2
346	6	5	4	3	5	5	5	1
346	7	2	2	1	3	5	2	1
346	8	5	2	4	3	3	5	2
346	9	2	2	2	2	2	4	1
346	10	3	2	4	5	4	1	3
346	11	5	2	1	1	2	4	3
346	12	1	5	5	5	2	2	3
348	1	5	2	5	5	3	5	3
348	2	2	3	1	3	3	5	2
348	3	2	5	1	1	3	5	2
348	4	3	4	2	3	1	2	2
348	5	1	3	2	2	5	5	2
348	6	1	5	2	5	3	3	2
348	7	5	3	2	1	5	3	2
348	8	5	4	3	5	4	5	2
348	9	2	4	1	4	1	1	3
348	10	2	5	5	3	5	5	1
348	11	1	4	4	4	1	3	3
348	12	5	1	4	3	4	1	3
349	1	2	5	3	2	2	1	2
349	2	1	2	3	4	5	5	2
349	3	3	2	4	2	4	3	2
349	4	3	5	4	5	1	2	3
349	5	5	1	4	2	2	5	1
349	6	3	2	5	2	5	1	1
349	7	1	2	1	1	4	5	2
349	8	3	1	3	2	3	3	1
349	9	3	5	1	2	5	2	2
349	10	5	3	2	1	2	1	2
349	11	5	5	1	1	4	5	2
349	12	1	1	5	5	5	2	1
353	1	2	1	3	4	1	4	1
353	2	2	5	2	4	4	3	3
353	3	3	2	4	2	1	2	3
353	4	5	1	4	3	3	2	1
353	5	2	4	4	1	4	1	3
353	6	1	3	1	5	5	3	1
353	7	5	3	3	2	4	3	2
353	8	4	5	2	3	5	2	2
353	9	4	3	1	1	5	5	2
353	10	5	5	5	1	2	2	3
353	11	4	2	3	4	3	3	1
353	12	4	5	5	1	3	4	2
356	1	1	5	5	3	2	4	3
356	2	4	3	5	4	3	3	1
356	3	1	2	1	2	3	1	3
356	4	5	4	4	4	5	4	3
356	5	4	1	1	1	3	4	2
356	6	4	4	1	3	4	5	2
356	7	3	2	4	3	4	2	3
356	8	4	3	4	3	5	4	2
356	9	1	4	3	5	1	4	1
356	10	5	3	1	1	1	3	2
356	11	3	5	1	2	1	5	2
356	12	1	1	2	3	4	1	1
360	1	3	4	2	4	1	5	2
360	2	3	4	5	2	2	2	3
360	3	4	4	1	3	4	4	1
360	4	1	2	4	1	3	5	2
360	5	3	1	1	3	1	5	2
360	6	5	3	4	4	2	2	2
360	7	4	4	3	5	4	2	3
360	8	3	3	4	4	3	4	2
360	9	1	3	1	2	1	5	2
360	10	4	5	3	1	1	4	2
360	11	2	2	4	1	5	5	2
360	12	2	3	3	4	5	1	1
361	1	4	4	2	1	5	2	2
361	2	3	1	5	4	3	2	3
361	3	4	3	1	5	5	1	2
361	4	3	5	2	3	3	4	2
361	5	2	4	3	4	5	1	1
361	6	5	4	1	1	1	1	2
361	7	4	1	4	1	2	3	3
361	8	1	2	1	4	4	2	1
361	9	3	3	2	5	2	5	3
361	10	3	1	3	5	4	3	1
361	11	4	1	2	5	2	5	1
361	12	1	1	3	4	2	4	3
364	1	1	3	4	2	2	2	3
364	2	2	3	5	4	3	5	1
364	3	4	5	1	3	3	4	2
364	4	4	4	4	1	1	5	2
364	5	4	2	4	1	3	1	3
364	6	2	5	1	4	5	3	2
364	7	3	3	4	5	1	2	3
364	8	5	5	4	1	1	1	3
364	9	3	3	4	2	3	2	2
364	10	1	2	2	5	1	1	3
364	11	1	3	1	4	5	3	1
364	12	1	2	1	1	1	3	2
370	1	3	4	2	1	4	4	2
370	2	5	5	2	4	3	3	2
370	3	3	3	5	2	5	1	3
370	4	4	5	1	3	5	4	3
370	5	2	1	3	2	2	2	1
370	6	2	4	1	4	5	5	1
370	7	5	3	4	4	2	4	3
370	8	4	5	1	2	5	1	2
370	9	3	1	2	5	5	3	2
370	10	5	3	2	3	2	1	3
370	11	3	3	3	3	3	2	1
370	12	3	3	5	2	4	1	3
373	1	2	4	3	4	4	4	1
373	2	3	1	3	4	5	1	2
373	3	2	3	2	3	3	1	2
373	4	1	2	2	1	4	1	2
373	5	4	4	5	3	3	4	1
373	6	2	4	2	1	2	2	2
373	7	5	3	4	3	1	4	2
373	8	2	4	2	1	1	2	2
373	9	4	2	2	5	3	4	1
373	10	5	1	2	4	1	3	2
373	11	2	5	1	3	4	4	2
373	12	4	5	4	2	1	3	3
379	1	4	3	5	4	4	5	1
379	2	5	5	4	1	3	1	3
379	3	2	5	5	1	3	1	1
379	4	5	3	2	3	2	1	3
379	5	4	4	2	2	1	3	2
379	6	5	3	3	5	5	3	1
379	7	1	3	1	2	5	5	2
379	8	2	5	4	3	3	3	1
379	9	5	5	2	3	3	2	2
379	10	4	2	5	3	2	1	3
379	11	3	3	1	3	1	5	3
379	12	5	1	5	4	2	2	3
380	1	3	4	2	4	1	5	2
380	2	1	3	1	2	1	5	2
380	3	4	4	1	3	4	4	2
380	4	4	5	3	1	1	4	2
380	5	2	3	3	4	5	1	1
380	6	4	4	3	5	4	2	3
380	7	5	3	4	4	2	2	3
380	8	2	2	4	1	5	5	1
380	9	3	4	5	2	2	2	3
380	10	3	3	4	4	3	4	3
380	11	1	2	4	1	3	5	1
380	12	3	1	1	3	1	5	1
382	1	4	2	1	3	4	5	2
382	2	3	2	3	4	2	3	3
382	3	2	3	5	4	3	3	1
382	4	1	1	5	3	1	3	1
382	5	1	4	2	2	4	4	2
382	6	1	4	2	4	3	2	2
382	7	2	1	2	1	1	1	1
382	8	4	4	3	2	3	5	2
382	9	3	5	1	4	1	4	3
382	10	4	3	1	4	4	4	2
382	11	5	2	5	5	4	4	3
382	12	3	4	5	2	2	1	3
384	1	4	5	4	2	1	3	2
384	2	2	5	1	3	4	4	1
384	3	4	2	2	5	3	4	2
384	4	1	2	2	1	4	1	2
384	5	4	4	5	3	3	4	1
384	6	2	4	3	4	4	4	1
384	7	5	1	2	4	1	3	2
384	8	3	1	3	4	5	1	1
384	9	2	3	2	3	3	1	1
384	10	2	4	2	1	1	2	2
384	11	2	4	2	1	2	2	1
384	12	5	3	4	3	1	4	3
386	1	3	4	2	4	1	5	2
386	2	3	4	5	2	2	2	3
386	3	2	3	3	4	5	1	1
386	4	4	5	3	1	1	4	3
386	5	1	3	1	2	1	5	2
386	6	3	1	1	3	1	5	2
386	7	3	3	4	4	3	4	3
386	8	4	4	1	3	4	4	2
386	9	2	2	4	1	5	5	1
386	10	4	4	3	5	4	2	1
386	11	5	3	4	4	2	2	3
386	12	1	2	4	1	3	5	2
390	1	4	3	1	1	5	5	2
390	2	2	1	3	4	1	4	1
390	3	3	2	4	2	1	2	3
390	4	4	2	3	4	3	3	1
390	5	4	5	5	1	3	4	2
390	6	4	5	2	3	5	2	2
390	7	1	3	1	5	5	3	1
390	8	2	5	2	4	4	3	2
390	9	5	1	4	3	3	2	3
390	10	5	5	5	1	2	2	3
390	11	5	3	3	2	4	3	2
390	12	2	4	4	1	4	1	1
396	1	5	5	1	1	4	5	2
396	2	2	5	3	2	2	1	3
396	3	3	1	3	2	3	3	1
396	4	5	1	4	2	2	5	3
396	5	3	5	4	5	1	2	3
396	6	3	2	5	2	5	1	1
396	7	3	5	1	2	5	2	2
396	8	5	3	2	1	2	1	3
396	9	1	1	5	5	5	2	1
396	10	1	2	3	4	5	5	1
396	11	1	2	1	1	4	5	1
396	12	3	2	4	2	4	3	1
397	1	3	4	3	2	4	1	3
397	2	3	1	5	5	4	3	3
397	3	2	4	3	4	2	5	1
397	4	5	1	5	1	1	1	3
397	5	4	4	2	5	2	1	3
397	6	5	4	5	4	2	4	3
397	7	4	4	5	5	3	2	1
397	8	5	3	2	3	3	1	2
397	9	5	4	3	2	2	3	3
397	10	5	5	3	1	2	4	3
397	11	2	1	1	3	5	1	2
397	12	1	5	5	3	2	2	3
398	1	5	4	4	4	5	4	2
398	2	4	1	1	1	3	4	1
398	3	1	5	5	3	2	4	3
398	4	4	4	1	3	4	5	2
398	5	4	3	4	3	5	4	3
398	6	3	2	4	3	4	2	1
398	7	3	5	1	2	1	5	2
398	8	1	1	2	3	4	1	2
398	9	5	3	1	1	1	3	2
398	10	4	3	5	4	3	3	1
398	11	1	4	3	5	1	4	2
398	12	1	2	1	2	3	1	2
405	1	1	2	1	5	5	4	1
405	2	3	3	3	2	2	1	3
405	3	5	5	2	1	4	4	2
405	4	1	2	2	5	2	2	3
405	5	2	2	4	2	2	1	3
405	6	2	1	2	3	3	2	2
405	7	3	2	1	5	2	3	3
405	8	1	1	2	5	2	2	3
405	9	1	4	4	1	4	5	2
405	10	2	3	4	3	3	5	1
405	11	2	3	5	4	4	2	1
405	12	4	2	1	4	2	3	3
406	1	1	5	5	1	1	3	1
406	2	2	3	4	1	4	3	1
406	3	3	4	4	4	1	4	3
406	4	2	5	4	5	1	3	1
406	5	2	5	3	2	4	1	3
406	6	4	2	4	5	1	2	3
406	7	5	2	2	3	3	2	2
406	8	1	3	5	5	5	4	1
406	9	1	4	5	5	1	3	3
406	10	5	4	3	1	5	2	2
406	11	3	4	1	3	3	1	2
406	12	4	1	2	3	3	4	2
412	1	1	4	2	4	3	2	2
412	2	4	4	3	2	3	5	1
412	3	4	3	1	4	4	4	1
412	4	1	1	5	3	1	3	1
412	5	3	5	1	4	1	4	3
412	6	1	4	2	2	4	4	2
412	7	3	4	5	2	2	1	3
412	8	2	1	2	1	1	1	2
412	9	2	3	5	4	3	3	1
412	10	4	2	1	3	4	5	1
412	11	3	2	3	4	2	3	3
412	12	5	2	5	5	4	4	3
415	1	2	1	4	3	5	1	1
415	2	2	3	3	2	4	1	3
415	3	2	5	5	1	3	3	1
415	4	2	3	3	5	4	2	3
415	5	1	1	5	2	3	5	1
415	6	4	2	5	1	4	2	1
415	7	3	2	1	2	3	5	2
415	8	2	4	5	4	4	1	3
415	9	4	5	3	5	2	5	3
415	10	5	5	3	2	5	1	2
415	11	3	1	3	5	4	2	3
415	12	5	2	2	3	1	4	2
418	1	3	4	1	3	3	1	3
418	2	5	4	3	1	5	2	2
418	3	3	4	4	4	1	4	1
418	4	4	2	4	5	1	2	3
418	5	2	3	4	1	4	3	2
418	6	1	3	5	5	5	4	1
418	7	1	5	5	1	1	3	3
418	8	2	5	4	5	1	3	1
418	9	5	2	2	3	3	2	2
418	10	4	1	2	3	3	4	1
418	11	2	5	3	2	4	1	2
418	12	1	4	5	5	1	3	1
421	1	4	4	2	2	1	3	2
421	2	2	5	5	1	3	1	1
421	3	3	3	1	3	1	5	2
421	4	5	3	2	3	2	1	3
421	5	5	1	5	4	2	2	3
421	6	5	3	3	5	5	3	3
421	7	5	5	4	1	3	1	2
421	8	4	2	5	3	2	1	3
421	9	5	5	2	3	3	2	2
421	10	4	3	5	4	4	5	3
421	11	2	5	4	3	3	3	1
421	12	1	3	1	2	5	5	2
433	1	3	2	4	2	4	3	2
433	2	2	5	3	2	2	1	3
433	3	1	2	3	4	5	5	1
433	4	3	5	4	5	1	2	3
433	5	1	2	1	1	4	5	2
433	6	3	1	3	2	3	3	1
433	7	3	2	5	2	5	1	1
433	8	1	1	5	5	5	2	1
433	9	5	3	2	1	2	1	2
433	10	5	5	1	1	4	5	2
433	11	5	1	4	2	2	5	2
433	12	3	5	1	2	5	2	2
440	1	2	3	2	3	3	1	1
440	2	4	4	5	3	3	4	1
440	3	5	1	2	4	1	3	2
440	4	2	4	2	1	2	2	1
440	5	4	5	4	2	1	3	2
440	6	3	1	3	4	5	1	1
440	7	4	2	2	5	3	4	2
440	8	2	5	1	3	4	4	2
440	9	2	4	3	4	4	4	3
440	10	5	3	4	3	1	4	3
440	11	1	2	2	1	4	1	2
440	12	2	4	2	1	1	2	2
442	1	4	2	5	3	2	1	3
442	2	5	1	5	4	2	2	3
442	3	5	3	3	5	5	3	1
442	4	4	3	5	4	4	5	3
442	5	1	3	1	2	5	5	2
442	6	5	3	2	3	2	1	3
442	7	5	5	2	3	3	2	2
442	8	2	5	4	3	3	3	2
442	9	4	4	2	2	1	3	2
442	10	2	5	5	1	3	1	1
442	11	5	5	4	1	3	1	2
442	12	3	3	1	3	1	5	2
443	1	4	4	3	5	1	5	1
443	2	4	1	3	2	4	2	1
443	3	1	4	4	3	5	3	2
443	4	2	2	1	5	5	4	1
443	5	1	4	3	3	2	1	3
443	6	4	1	3	4	1	2	1
443	7	5	1	2	2	5	5	2
443	8	3	1	1	4	5	4	2
443	9	2	2	2	5	1	4	1
443	10	2	1	4	1	1	4	1
443	11	1	2	3	2	2	5	1
443	12	3	3	2	1	1	1	2
444	1	5	4	3	5	4	5	2
444	2	5	3	2	1	5	3	2
444	3	2	3	1	3	3	5	1
444	4	5	1	4	3	4	1	3
444	5	5	2	5	5	3	5	3
444	6	2	4	1	4	1	1	1
444	7	1	3	2	2	5	5	2
444	8	1	5	2	5	3	3	2
444	9	1	4	4	4	1	3	2
444	10	2	5	5	3	5	5	1
444	11	2	5	1	1	3	5	2
444	12	3	4	2	3	1	2	2
445	1	3	2	1	5	2	3	3
445	2	1	4	4	1	4	5	2
445	3	3	3	3	2	2	1	3
445	4	2	3	5	4	4	2	1
445	5	1	1	2	5	2	2	2
445	6	2	2	4	2	2	1	1
445	7	1	2	2	5	2	2	1
445	8	2	1	2	3	3	2	1
445	9	4	2	1	4	2	3	3
445	10	1	2	1	5	5	4	1
445	11	2	3	4	3	3	5	1
445	12	5	5	2	1	4	4	2
448	1	3	2	1	5	2	3	3
448	2	1	2	2	5	2	2	2
448	3	2	1	2	3	3	2	1
448	4	5	5	2	1	4	4	2
448	5	2	3	5	4	4	2	1
448	6	2	3	4	3	3	5	1
448	7	2	2	4	2	2	1	1
448	8	1	4	4	1	4	5	2
448	9	1	2	1	5	5	4	1
448	10	1	1	2	5	2	2	3
448	11	3	3	3	2	2	1	3
448	12	4	2	1	4	2	3	3
451	1	2	1	2	1	2	3	1
451	2	1	4	1	3	1	2	3
451	3	3	5	3	4	2	5	3
451	4	2	2	2	5	5	1	1
451	5	4	1	5	4	3	4	1
451	6	5	4	5	4	3	2	3
451	7	5	1	1	3	4	4	2
451	8	5	2	5	1	3	4	3
451	9	4	2	1	4	5	5	2
451	10	1	1	2	2	4	5	1
451	11	5	1	4	2	5	3	1
451	12	4	5	3	5	5	3	2
452	1	1	4	3	5	1	4	3
452	2	1	5	5	3	2	4	3
452	3	3	5	1	2	1	5	2
452	4	5	3	1	1	1	3	2
452	5	1	1	2	3	4	1	3
452	6	5	4	4	4	5	4	2
452	7	4	4	1	3	4	5	2
452	8	4	1	1	1	3	4	2
452	9	4	3	4	3	5	4	1
452	10	4	3	5	4	3	3	1
452	11	3	2	4	3	4	2	2
452	12	1	2	1	2	3	1	2
453	1	5	3	2	3	2	1	3
453	2	3	3	5	2	4	1	3
453	3	3	4	2	1	4	4	2
453	4	4	5	1	3	5	4	2
453	5	5	3	4	4	2	4	3
453	6	5	5	2	4	3	3	2
453	7	2	4	1	4	5	5	1
453	8	3	3	5	2	5	1	1
453	9	4	5	1	2	5	1	2
453	10	3	1	2	5	5	3	2
453	11	3	3	3	3	3	2	3
453	12	2	1	3	2	2	2	1
456	1	2	2	4	1	5	5	1
456	2	4	4	3	5	4	2	3
456	3	1	3	1	2	1	5	1
456	4	1	2	4	1	3	5	2
456	5	5	3	4	4	2	2	3
456	6	3	3	4	4	3	4	2
456	7	3	1	1	3	1	5	3
456	8	2	3	3	4	5	1	1
456	9	3	4	5	2	2	2	3
456	10	4	5	3	1	1	4	2
456	11	4	4	1	3	4	4	2
456	12	3	4	2	4	1	5	2
460	1	4	4	1	3	4	5	2
460	2	4	1	1	1	3	4	2
460	3	5	3	1	1	1	3	2
460	4	4	3	5	4	3	3	1
460	5	1	5	5	3	2	4	3
460	6	5	4	4	4	5	4	2
460	7	1	1	2	3	4	1	2
460	8	3	5	1	2	1	5	3
460	9	3	2	4	3	4	2	3
460	10	1	2	1	2	3	1	1
460	11	1	4	3	5	1	4	3
460	12	4	3	4	3	5	4	2
463	1	4	3	1	4	4	4	3
463	2	1	4	2	4	3	2	1
463	3	3	4	5	2	2	1	3
463	4	2	3	5	4	3	3	1
463	5	4	2	1	3	4	5	2
463	6	4	4	3	2	3	5	1
463	7	3	2	3	4	2	3	3
463	8	3	5	1	4	1	4	3
463	9	5	2	5	5	4	4	1
463	10	1	4	2	2	4	4	2
463	11	2	1	2	1	1	1	1
463	12	1	1	5	3	1	3	3
464	1	2	1	4	3	5	1	1
464	2	5	2	2	3	1	4	2
464	3	1	1	5	2	3	5	1
464	4	3	2	1	2	3	5	1
464	5	2	5	5	1	3	3	1
464	6	2	3	3	5	4	2	3
464	7	2	4	5	4	4	1	1
464	8	4	2	5	1	4	2	3
464	9	4	5	3	5	2	5	3
464	10	3	1	3	5	4	2	1
464	11	2	3	3	2	4	1	1
464	12	5	5	3	2	5	1	2
465	1	3	5	4	5	1	2	3
465	2	1	1	5	5	5	2	1
465	3	5	3	2	1	2	1	3
465	4	1	2	3	4	5	5	1
465	5	1	2	1	1	4	5	1
465	6	5	1	4	2	2	5	1
465	7	2	5	3	2	2	1	3
465	8	3	2	4	2	4	3	2
465	9	3	1	3	2	3	3	2
465	10	3	2	5	2	5	1	1
465	11	3	5	1	2	5	2	2
465	12	5	5	1	1	4	5	2
469	1	3	4	2	1	4	4	2
469	2	3	3	3	3	3	2	1
469	3	4	5	1	3	5	4	2
469	4	5	3	4	4	2	4	3
469	5	2	4	1	4	5	5	2
469	6	2	1	3	2	2	2	3
469	7	4	5	1	2	5	1	2
469	8	5	5	2	4	3	3	2
469	9	3	3	5	2	5	1	1
469	10	3	3	5	2	4	1	3
469	11	5	3	2	3	2	1	2
469	12	3	1	2	5	5	3	2
470	1	3	5	3	4	5	3	2
470	2	4	5	4	4	1	2	3
470	3	3	2	5	2	5	5	1
470	4	2	5	4	2	3	4	2
470	5	1	2	4	2	2	3	1
470	6	5	3	3	5	4	4	3
470	7	5	2	4	5	4	2	3
470	8	3	4	4	1	5	3	1
470	9	1	1	5	3	5	1	1
470	10	4	1	1	5	5	3	1
470	11	5	3	1	4	2	3	3
470	12	4	2	3	1	5	2	2
472	1	4	5	3	5	5	3	1
472	2	2	1	2	1	2	3	2
472	3	1	4	1	3	1	2	3
472	4	5	1	1	3	4	4	2
472	5	5	1	4	2	5	3	2
472	6	5	4	5	4	3	2	3
472	7	1	1	2	2	4	5	2
472	8	2	2	2	5	5	1	1
472	9	3	5	3	4	2	5	3
472	10	5	2	5	1	3	4	3
472	11	4	2	1	4	5	5	1
472	12	4	1	5	4	3	4	1
475	1	1	2	1	2	3	1	2
475	2	3	5	1	2	1	5	1
475	3	4	4	1	3	4	5	2
475	4	4	3	4	3	5	4	1
475	5	1	4	3	5	1	4	1
475	6	1	5	5	3	2	4	3
475	7	1	1	2	3	4	1	1
475	8	5	3	1	1	1	3	2
475	9	4	3	5	4	3	3	1
475	10	3	2	4	3	4	2	2
475	11	5	4	4	4	5	4	3
475	12	4	1	1	1	3	4	3
478	1	2	2	2	2	2	4	1
478	2	4	3	1	2	3	2	1
478	3	1	2	4	3	1	5	1
478	4	3	2	4	5	4	1	3
478	5	5	2	1	1	2	4	2
478	6	1	2	2	2	2	5	2
478	7	3	5	4	2	4	5	2
478	8	5	2	4	3	3	5	2
478	9	5	4	3	5	5	5	3
478	10	2	2	1	3	5	2	1
478	11	1	5	5	5	2	2	3
478	12	3	5	2	5	1	1	3
480	1	4	5	4	2	1	3	3
480	2	2	3	2	3	3	1	1
480	3	4	4	5	3	3	4	2
480	4	2	4	3	4	4	4	1
480	5	4	2	2	5	3	4	3
480	6	1	2	2	1	4	1	2
480	7	2	4	2	1	2	2	2
480	8	2	4	2	1	1	2	2
480	9	5	3	4	3	1	4	1
480	10	3	1	3	4	5	1	1
480	11	2	5	1	3	4	4	2
480	12	5	1	2	4	1	3	2
481	1	1	2	2	5	1	1	3
481	2	2	5	1	4	5	3	2
481	3	1	2	1	1	1	3	1
481	4	5	5	4	1	1	1	3
481	5	4	2	4	1	3	1	2
481	6	4	4	4	1	1	5	2
481	7	3	3	4	2	3	2	2
481	8	3	3	4	5	1	2	2
481	9	2	3	5	4	3	5	1
481	10	1	3	4	2	2	2	3
481	11	4	5	1	3	3	4	2
481	12	1	3	1	4	5	3	2
488	1	5	1	4	2	2	5	2
488	2	3	2	5	2	5	1	3
488	3	1	1	5	5	5	2	1
488	4	2	5	3	2	2	1	3
488	5	1	2	3	4	5	5	1
488	6	5	5	1	1	4	5	2
488	7	3	5	1	2	5	2	2
488	8	5	3	2	1	2	1	2
488	9	1	2	1	1	4	5	1
488	10	3	2	4	2	4	3	2
488	11	3	5	4	5	1	2	3
488	12	3	1	3	2	3	3	1
491	1	4	3	1	1	5	5	2
491	2	5	3	3	2	4	3	3
491	3	2	1	3	4	1	4	1
491	4	2	5	2	4	4	3	3
491	5	1	3	1	5	5	3	1
491	6	5	5	5	1	2	2	3
491	7	3	2	4	2	1	2	3
491	8	4	5	2	3	5	2	2
491	9	4	5	5	1	3	4	3
491	10	4	2	3	4	3	3	1
491	11	5	1	4	3	3	2	3
491	12	2	4	4	1	4	1	2
495	1	2	2	1	3	5	2	1
495	2	4	3	1	2	3	2	2
495	3	5	4	3	5	5	5	2
495	4	1	2	4	3	1	5	3
495	5	3	5	4	2	4	5	2
495	6	1	5	5	5	2	2	3
495	7	1	2	2	2	2	5	2
495	8	5	2	1	1	2	4	3
495	9	3	2	4	5	4	1	3
495	10	5	2	4	3	3	5	2
495	11	2	2	2	2	2	4	1
495	12	3	5	2	5	1	1	2
498	1	4	2	4	5	1	2	3
498	2	5	2	2	3	3	2	3
498	3	2	5	4	5	1	3	1
498	4	3	4	4	4	1	4	3
498	5	1	4	5	5	1	3	3
498	6	2	3	4	1	4	3	1
498	7	3	4	1	3	3	1	1
498	8	5	4	3	1	5	2	2
498	9	1	3	5	5	5	4	1
498	10	1	5	5	1	1	3	3
498	11	4	1	2	3	3	4	2
498	12	2	5	3	2	4	1	2
501	1	5	3	3	5	4	4	3
501	2	3	2	5	2	5	5	1
501	3	5	2	4	5	4	2	3
501	4	3	4	4	1	5	3	2
501	5	1	2	4	2	2	3	3
501	6	5	3	1	4	2	3	3
501	7	1	1	5	3	5	1	1
501	8	4	5	4	4	1	2	1
501	9	3	5	3	4	5	3	2
501	10	2	5	4	2	3	4	1
501	11	4	1	1	5	5	3	1
501	12	4	2	3	1	5	2	1
504	1	1	2	4	1	3	5	2
504	2	2	2	4	1	5	5	1
504	3	2	3	3	4	5	1	1
504	4	4	4	1	3	4	4	2
504	5	3	1	1	3	1	5	2
504	6	1	3	1	2	1	5	2
504	7	3	4	2	4	1	5	2
504	8	3	4	5	2	2	2	3
504	9	5	3	4	4	2	2	3
504	10	3	3	4	4	3	4	3
504	11	4	4	3	5	4	2	3
504	12	4	5	3	1	1	4	3
507	1	4	4	2	5	2	1	3
507	2	3	1	5	5	4	3	1
507	3	5	5	3	1	2	4	3
507	4	5	1	5	1	1	1	3
507	5	2	1	1	3	5	1	1
507	6	2	4	3	4	2	5	3
507	7	5	4	5	4	2	4	3
507	8	1	5	5	3	2	2	3
507	9	5	3	2	3	3	1	2
507	10	5	4	3	2	2	3	3
507	11	3	4	3	2	4	1	3
507	12	4	4	5	5	3	2	3
509	1	4	2	5	3	2	1	1
509	2	4	4	2	2	1	3	2
509	3	5	5	2	3	3	2	2
509	4	5	1	5	4	2	2	3
509	5	3	3	1	3	1	5	3
509	6	2	5	5	1	3	1	3
509	7	2	5	4	3	3	3	1
509	8	5	3	3	5	5	3	2
509	9	1	3	1	2	5	5	2
509	10	5	5	4	1	3	1	2
509	11	5	3	2	3	2	1	3
509	12	4	3	5	4	4	5	1
510	1	1	1	5	2	3	5	1
510	2	2	3	3	2	4	1	3
510	3	5	2	2	3	1	4	2
510	4	2	3	3	5	4	2	2
510	5	2	1	4	3	5	1	1
510	6	5	5	3	2	5	1	3
510	7	4	2	5	1	4	2	3
510	8	2	4	5	4	4	1	3
510	9	3	2	1	2	3	5	2
510	10	4	5	3	5	2	5	3
510	11	3	1	3	5	4	2	3
510	12	2	5	5	1	3	3	3
512	1	5	5	4	1	1	1	2
512	2	4	5	1	3	3	4	3
512	3	3	3	4	5	1	2	3
512	4	1	2	1	1	1	3	2
512	5	2	3	5	4	3	5	1
512	6	1	3	1	4	5	3	1
512	7	4	4	4	1	1	5	2
512	8	2	5	1	4	5	3	1
512	9	4	2	4	1	3	1	2
512	10	3	3	4	2	3	2	2
512	11	1	2	2	5	1	1	3
512	12	1	3	4	2	2	2	3
515	1	1	4	5	5	1	3	1
515	2	5	4	3	1	5	2	2
515	3	4	2	4	5	1	2	3
515	4	1	3	5	5	5	4	1
515	5	2	5	4	5	1	3	1
515	6	3	4	1	3	3	1	2
515	7	2	5	3	2	4	1	2
515	8	2	3	4	1	4	3	1
515	9	1	5	5	1	1	3	3
515	10	3	4	4	4	1	4	3
515	11	4	1	2	3	3	4	2
515	12	5	2	2	3	3	2	2
516	1	3	1	1	4	5	4	1
516	2	1	4	3	3	2	1	3
516	3	2	2	1	5	5	4	1
516	4	3	3	2	1	1	1	3
516	5	2	2	2	5	1	4	1
516	6	2	1	4	1	1	4	1
516	7	5	1	2	2	5	5	2
516	8	1	2	3	2	2	5	3
516	9	1	4	4	3	5	3	2
516	10	4	1	3	4	1	2	3
516	11	4	4	3	5	1	5	1
516	12	4	1	3	2	4	2	1
517	1	1	3	5	5	5	4	1
517	2	3	4	1	3	3	1	2
517	3	1	4	5	5	1	3	3
517	4	3	4	4	4	1	4	3
517	5	1	5	5	1	1	3	3
517	6	5	4	3	1	5	2	3
517	7	4	1	2	3	3	4	2
517	8	2	3	4	1	4	3	1
517	9	2	5	4	5	1	3	3
517	10	4	2	4	5	1	2	1
517	11	2	5	3	2	4	1	1
517	12	5	2	2	3	3	2	2
519	1	4	5	1	3	5	4	1
519	2	4	5	1	2	5	1	2
519	3	5	3	2	3	2	1	2
519	4	2	1	3	2	2	2	3
519	5	3	3	5	2	5	1	1
519	6	3	3	5	2	4	1	3
519	7	3	4	2	1	4	4	2
519	8	5	3	4	4	2	4	3
519	9	3	1	2	5	5	3	2
519	10	3	3	3	3	3	2	1
519	11	2	4	1	4	5	5	1
519	12	5	5	2	4	3	3	2
520	1	4	3	4	3	5	4	2
520	2	1	2	1	2	3	1	3
520	3	5	4	4	4	5	4	2
520	4	4	4	1	3	4	5	2
520	5	4	3	5	4	3	3	1
520	6	1	5	5	3	2	4	1
520	7	1	1	2	3	4	1	3
520	8	1	4	3	5	1	4	1
520	9	4	1	1	1	3	4	1
520	10	3	2	4	3	4	2	3
520	11	3	5	1	2	1	5	2
520	12	5	3	1	1	1	3	2
521	1	3	3	2	5	2	5	3
521	2	5	4	1	1	1	1	2
521	3	4	1	4	1	2	3	3
521	4	1	1	3	4	2	4	1
521	5	2	4	3	4	5	1	1
521	6	4	1	2	5	2	5	2
521	7	3	1	3	5	4	3	2
521	8	1	2	1	4	4	2	1
521	9	3	1	5	4	3	2	1
521	10	3	5	2	3	3	4	2
521	11	4	3	1	5	5	1	2
521	12	4	4	2	1	5	2	2
524	1	3	1	1	4	5	4	2
524	2	4	1	3	4	1	2	1
524	3	1	4	3	3	2	1	3
524	4	3	3	2	1	1	1	3
524	5	4	1	3	2	4	2	1
524	6	1	4	4	3	5	3	2
524	7	4	4	3	5	1	5	3
524	8	5	1	2	2	5	5	2
524	9	2	2	2	5	1	4	1
524	10	1	2	3	2	2	5	1
524	11	2	1	4	1	1	4	1
524	12	2	2	1	5	5	4	1
526	1	2	4	3	4	4	4	1
526	2	2	4	2	1	2	2	3
526	3	5	1	2	4	1	3	2
526	4	3	1	3	4	5	1	2
526	5	1	2	2	1	4	1	2
526	6	2	5	1	3	4	4	1
526	7	4	2	2	5	3	4	2
526	8	4	5	4	2	1	3	3
526	9	4	4	5	3	3	4	3
526	10	5	3	4	3	1	4	3
526	11	2	3	2	3	3	1	2
526	12	2	4	2	1	1	2	2
533	1	5	3	1	1	1	3	2
533	2	1	2	1	2	3	1	3
533	3	3	2	4	3	4	2	3
533	4	1	1	2	3	4	1	3
533	5	4	1	1	1	3	4	2
533	6	5	4	4	4	5	4	2
533	7	1	5	5	3	2	4	3
533	8	4	3	5	4	3	3	1
533	9	4	3	4	3	5	4	1
533	10	3	5	1	2	1	5	2
533	11	1	4	3	5	1	4	3
533	12	4	4	1	3	4	5	2
539	1	4	2	1	4	5	5	2
539	2	3	5	3	4	2	5	2
539	3	4	1	5	4	3	4	3
539	4	5	2	5	1	3	4	3
539	5	1	4	1	3	1	2	2
539	6	1	1	2	2	4	5	1
539	7	4	5	3	5	5	3	1
539	8	5	1	1	3	4	4	2
539	9	2	1	2	1	2	3	1
539	10	5	1	4	2	5	3	2
539	11	2	2	2	5	5	1	3
539	12	5	4	5	4	3	2	3
540	1	2	3	5	1	2	5	1
540	2	5	5	1	5	4	2	2
540	3	5	5	1	1	2	3	2
540	4	3	1	4	1	1	4	1
540	5	2	1	4	3	1	5	1
540	6	3	4	3	4	2	4	3
540	7	5	1	5	5	1	3	3
540	8	3	1	2	3	4	4	1
540	9	5	4	3	1	1	3	2
540	10	1	5	2	2	4	5	2
540	11	4	1	2	5	3	1	3
540	12	5	1	5	2	4	4	3
543	1	2	1	4	3	5	1	1
543	2	3	1	3	5	4	2	3
543	3	4	2	5	1	4	2	3
543	4	3	2	1	2	3	5	2
543	5	2	5	5	1	3	3	1
543	6	4	5	3	5	2	5	3
543	7	2	4	5	4	4	1	1
543	8	2	3	3	2	4	1	3
543	9	1	1	5	2	3	5	1
543	10	5	2	2	3	1	4	1
543	11	5	5	3	2	5	1	2
543	12	2	3	3	5	4	2	1
546	1	5	2	5	5	4	4	3
546	2	2	3	5	4	3	3	1
546	3	3	5	1	4	1	4	3
546	4	4	2	1	3	4	5	1
546	5	1	1	5	3	1	3	1
546	6	3	2	3	4	2	3	3
546	7	1	4	2	2	4	4	2
546	8	3	4	5	2	2	1	3
546	9	4	3	1	4	4	4	2
546	10	4	4	3	2	3	5	2
546	11	2	1	2	1	1	1	2
546	12	1	4	2	4	3	2	2
548	1	5	1	4	3	3	2	3
548	2	4	3	1	1	5	5	2
548	3	1	3	1	5	5	3	2
548	4	4	5	5	1	3	4	1
548	5	3	2	4	2	1	2	3
548	6	4	2	3	4	3	3	1
548	7	2	5	2	4	4	3	3
548	8	2	4	4	1	4	1	2
548	9	5	3	3	2	4	3	3
548	10	4	5	2	3	5	2	3
548	11	2	1	3	4	1	4	1
548	12	5	5	5	1	2	2	3
551	1	1	2	3	4	5	5	1
551	2	1	2	1	1	4	5	2
551	3	3	1	3	2	3	3	2
551	4	5	3	2	1	2	1	2
551	5	3	2	4	2	4	3	1
551	6	5	5	1	1	4	5	2
551	7	3	5	4	5	1	2	3
551	8	5	1	4	2	2	5	3
551	9	1	1	5	5	5	2	1
551	10	3	2	5	2	5	1	3
551	11	3	5	1	2	5	2	2
551	12	2	5	3	2	2	1	3
553	1	4	1	4	1	2	3	2
553	2	4	1	2	5	2	5	3
553	3	1	2	1	4	4	2	1
553	4	3	1	3	5	4	3	1
553	5	3	3	2	5	2	5	2
553	6	1	1	3	4	2	4	1
553	7	4	4	2	1	5	2	2
553	8	3	1	5	4	3	2	3
553	9	4	3	1	5	5	1	3
553	10	2	4	3	4	5	1	1
553	11	5	4	1	1	1	1	2
553	12	3	5	2	3	3	4	2
555	1	2	4	5	4	4	1	1
555	2	5	5	3	2	5	1	3
555	3	2	3	3	5	4	2	1
555	4	5	2	2	3	1	4	2
555	5	1	1	5	2	3	5	1
555	6	3	2	1	2	3	5	2
555	7	4	2	5	1	4	2	3
555	8	4	5	3	5	2	5	3
555	9	2	1	4	3	5	1	1
555	10	2	3	3	2	4	1	1
555	11	3	1	3	5	4	2	3
555	12	2	5	5	1	3	3	2
556	1	4	4	4	1	1	5	2
556	2	3	3	4	5	1	2	3
556	3	2	5	1	4	5	3	1
556	4	4	2	4	1	3	1	1
556	5	4	5	1	3	3	4	2
556	6	1	2	2	5	1	1	3
556	7	3	3	4	2	3	2	2
556	8	1	3	4	2	2	2	3
556	9	1	3	1	4	5	3	1
556	10	1	2	1	1	1	3	2
556	11	2	3	5	4	3	5	1
556	12	5	5	4	1	1	1	3
559	1	5	3	4	4	2	2	3
559	2	2	2	4	1	5	5	1
559	3	1	3	1	2	1	5	1
559	4	3	4	5	2	2	2	3
559	5	1	2	4	1	3	5	2
559	6	3	4	2	4	1	5	2
559	7	4	4	1	3	4	4	2
559	8	3	1	1	3	1	5	3
559	9	4	4	3	5	4	2	3
559	10	3	3	4	4	3	4	1
559	11	4	5	3	1	1	4	1
559	12	2	3	3	4	5	1	1
561	1	5	3	2	3	2	1	3
561	2	5	5	2	4	3	3	3
561	3	3	4	2	1	4	4	2
561	4	3	3	5	2	4	1	3
561	5	4	5	1	3	5	4	2
561	6	5	3	4	4	2	4	3
561	7	4	5	1	2	5	1	2
561	8	3	3	5	2	5	1	1
561	9	3	1	2	5	5	3	2
561	10	3	3	3	3	3	2	3
561	11	2	4	1	4	5	5	1
561	12	2	1	3	2	2	2	1
566	1	5	4	3	1	1	3	3
566	2	5	5	1	5	4	2	3
566	3	5	1	5	5	1	3	3
566	4	3	1	2	3	4	4	2
566	5	5	1	5	2	4	4	3
566	6	1	5	2	2	4	5	2
566	7	3	4	3	4	2	4	3
566	8	2	1	4	3	1	5	1
566	9	5	5	1	1	2	3	2
566	10	3	1	4	1	1	4	3
566	11	2	3	5	1	2	5	1
566	12	4	1	2	5	3	1	2
569	1	5	2	1	1	2	4	2
569	2	5	4	3	5	5	5	2
569	3	3	5	2	5	1	1	2
569	4	1	2	4	3	1	5	1
569	5	4	3	1	2	3	2	2
569	6	1	2	2	2	2	5	3
569	7	2	2	1	3	5	2	1
569	8	2	2	2	2	2	4	1
569	9	3	2	4	5	4	1	3
569	10	5	2	4	3	3	5	3
569	11	3	5	4	2	4	5	2
569	12	1	5	5	5	2	2	3
572	1	1	2	1	4	4	2	1
572	2	3	1	5	4	3	2	3
572	3	2	4	3	4	5	1	2
572	4	3	1	3	5	4	3	1
572	5	4	4	2	1	5	2	2
572	6	4	3	1	5	5	1	2
572	7	5	4	1	1	1	1	2
572	8	1	1	3	4	2	4	1
572	9	3	3	2	5	2	5	3
572	10	3	5	2	3	3	4	2
572	11	4	1	2	5	2	5	2
572	12	4	1	4	1	2	3	3
582	1	4	3	1	4	4	4	1
582	2	2	3	5	4	3	3	1
582	3	1	4	2	2	4	4	1
582	4	4	4	3	2	3	5	2
582	5	1	1	5	3	1	3	1
582	6	3	5	1	4	1	4	2
582	7	2	1	2	1	1	1	1
582	8	5	2	5	5	4	4	3
582	9	3	2	3	4	2	3	3
582	10	4	2	1	3	4	5	1
582	11	3	4	5	2	2	1	3
582	12	1	4	2	4	3	2	3
584	1	5	5	3	1	2	4	3
584	2	1	5	5	3	2	2	3
584	3	3	1	5	5	4	3	3
584	4	2	1	1	3	5	1	1
584	5	2	4	3	4	2	5	3
584	6	4	4	2	5	2	1	3
584	7	5	3	2	3	3	1	2
584	8	3	4	3	2	4	1	3
584	9	5	1	5	1	1	1	3
584	10	5	4	5	4	2	4	3
584	11	5	4	3	2	2	3	3
584	12	4	4	5	5	3	2	3
586	1	4	4	1	3	4	4	3
586	2	2	3	3	4	5	1	3
586	3	3	1	1	3	1	5	1
586	4	1	2	4	1	3	5	2
586	5	1	3	1	2	1	5	1
586	6	4	5	3	1	1	4	3
586	7	3	3	4	4	3	4	2
586	8	4	4	3	5	4	2	3
586	9	3	4	2	4	1	5	2
586	10	2	2	4	1	5	5	2
586	11	3	4	5	2	2	2	3
586	12	5	3	4	4	2	2	3
587	1	5	4	3	1	5	2	2
587	2	1	5	5	1	1	3	3
587	3	3	4	4	4	1	4	1
587	4	2	5	3	2	4	1	1
587	5	2	5	4	5	1	3	3
587	6	2	3	4	1	4	3	1
587	7	1	4	5	5	1	3	1
587	8	1	3	5	5	5	4	1
587	9	5	2	2	3	3	2	2
587	10	4	1	2	3	3	4	2
587	11	3	4	1	3	3	1	3
587	12	4	2	4	5	1	2	1
595	1	2	3	4	3	3	5	1
595	2	2	2	4	2	2	1	1
595	3	2	3	5	4	4	2	1
595	4	1	2	2	5	2	2	3
595	5	3	2	1	5	2	3	3
595	6	3	3	3	2	2	1	3
595	7	4	2	1	4	2	3	3
595	8	2	1	2	3	3	2	1
595	9	1	4	4	1	4	5	2
595	10	1	2	1	5	5	4	1
595	11	5	5	2	1	4	4	2
595	12	1	1	2	5	2	2	3
600	1	3	3	5	2	4	1	1
600	2	2	1	3	2	2	2	1
600	3	3	3	3	3	3	2	1
600	4	4	5	1	3	5	4	2
600	5	3	4	2	1	4	4	2
600	6	5	3	2	3	2	1	3
600	7	2	4	1	4	5	5	1
600	8	3	1	2	5	5	3	2
600	9	4	5	1	2	5	1	2
600	10	5	5	2	4	3	3	2
600	11	5	3	4	4	2	4	3
600	12	3	3	5	2	5	1	3
601	1	1	2	4	3	1	5	1
601	2	1	5	5	5	2	2	3
601	3	2	2	1	3	5	2	1
601	4	1	2	2	2	2	5	1
601	5	5	2	4	3	3	5	3
601	6	4	3	1	2	3	2	2
601	7	3	2	4	5	4	1	3
601	8	5	2	1	1	2	4	3
601	9	2	2	2	2	2	4	2
601	10	3	5	4	2	4	5	2
601	11	3	5	2	5	1	1	3
601	12	5	4	3	5	5	5	1
605	1	1	2	1	1	4	5	2
605	2	2	5	3	2	2	1	3
605	3	5	1	4	2	2	5	3
605	4	3	1	3	2	3	3	2
605	5	5	5	1	1	4	5	2
605	6	3	5	4	5	1	2	3
605	7	3	2	4	2	4	3	2
605	8	1	1	5	5	5	2	1
605	9	5	3	2	1	2	1	3
605	10	1	2	3	4	5	5	1
605	11	3	5	1	2	5	2	2
605	12	3	2	5	2	5	1	2
606	1	1	4	2	2	4	4	2
606	2	3	4	5	2	2	1	3
606	3	4	2	1	3	4	5	1
606	4	5	2	5	5	4	4	3
606	5	1	1	5	3	1	3	1
606	6	1	4	2	4	3	2	2
606	7	4	3	1	4	4	4	3
606	8	2	3	5	4	3	3	1
606	9	3	5	1	4	1	4	2
606	10	3	2	3	4	2	3	3
606	11	2	1	2	1	1	1	2
606	12	4	4	3	2	3	5	1
610	1	3	5	1	2	1	5	2
610	2	5	3	1	1	1	3	2
610	3	1	2	1	2	3	1	1
610	4	4	4	1	3	4	5	1
610	5	5	4	4	4	5	4	2
610	6	1	4	3	5	1	4	3
610	7	4	3	4	3	5	4	2
610	8	4	1	1	1	3	4	2
610	9	4	3	5	4	3	3	1
610	10	1	1	2	3	4	1	2
610	11	1	5	5	3	2	4	3
610	12	3	2	4	3	4	2	3
617	1	2	1	4	3	5	1	1
617	2	2	5	5	1	3	3	1
617	3	5	5	3	2	5	1	2
617	4	2	4	5	4	4	1	1
617	5	1	1	5	2	3	5	1
617	6	2	3	3	5	4	2	1
617	7	4	2	5	1	4	2	1
617	8	3	1	3	5	4	2	3
617	9	4	5	3	5	2	5	3
617	10	2	3	3	2	4	1	1
617	11	5	2	2	3	1	4	2
617	12	3	2	1	2	3	5	2
618	1	4	4	2	2	1	3	2
618	2	4	2	5	3	2	1	3
618	3	3	3	1	3	1	5	2
618	4	5	1	5	4	2	2	3
618	5	5	5	4	1	3	1	2
618	6	5	3	3	5	5	3	3
618	7	2	5	4	3	3	3	1
618	8	2	5	5	1	3	1	1
618	9	1	3	1	2	5	5	2
618	10	5	3	2	3	2	1	2
618	11	5	5	2	3	3	2	2
618	12	4	3	5	4	4	5	1
