Point Estimate of Alpha
   -1.52172    1.09890    2.52359    0.00000   -0.81126   -0.65171    0.00000   -2.31408   -0.75936    0.00000


Average of Mean Betas
   -1.52161    1.09910    2.52376    0.00000   -0.81074   -0.65117    0.00000   -2.31370   -0.75836    0.00000

Estimated Covariances
    0.65320   -0.06054    0.00614    0.00000   -0.04882   -0.09037    0.00000    0.01333   -0.02104    0.00000
   -0.06054    2.35712    2.08862    0.00000    0.20894    0.15900    0.00000    0.02566   -0.08368    0.00000
    0.00614    2.08862    4.15428    0.00000    0.17963    0.06459    0.00000   -0.27572   -0.13709    0.00000
    0.00000    0.00000    0.00000    0.00000    0.00000    0.00000    0.00000    0.00000    0.00000    0.00000
   -0.04882    0.20894    0.17963    0.00000    2.39717    2.26190    0.00000   -0.19253   -0.19794    0.00000
   -0.09037    0.15900    0.06459    0.00000    2.26190    4.56826    0.00000   -0.11211   -0.16339    0.00000
    0.00000    0.00000    0.00000    0.00000    0.00000    0.00000    0.00000    0.00000    0.00000    0.00000
    0.01333    0.02566   -0.27572    0.00000   -0.19253   -0.11211    0.00000    2.51797    2.37502    0.00000
   -0.02104   -0.08368   -0.13709    0.00000   -0.19794   -0.16339    0.00000    2.37502    4.66024    0.00000
    0.00000    0.00000    0.00000    0.00000    0.00000    0.00000    0.00000    0.00000    0.00000    0.00000
