Respondent	RLH	ASC1	BTime	BCost
8738	0.67624161	1.20657222	-0.017004287	-0.670668263
8740	0.632554222	1.18568215	-0.015748865	-0.523247025
8741	0.842008929	0.779017261	-0.577194519	-0.494048005
8742	0.514523213	1.159314059	-0.27220298	-0.637638918
8744	0.478080425	0.510933608	-0.020248997	-0.508320299
8745	0.491966897	1.006798519	-0.295654919	-0.557496396
8746	0.959725135	0.921162678	0.154228676	-0.608312971
8750	0.549274186	0.927821938	-0.341379469	-0.650845002
8751	0.640195095	1.066897776	-0.265090735	-0.850803508
8752	0.94869906	1.127534062	-0.487801927	-0.603274863
8755	0.616183921	0.97204657	-0.059619194	-0.754139775
8759	0.524596843	0.902514727	-0.091142829	-0.672969682
8762	0.940449185	0.942585363	0.177679728	-0.588976416
8763	0.725582624	1.145411988	-0.317458296	-0.481751054
8766	0.483190383	0.955761968	-0.267245134	-0.547594515
8771	0.532191216	1.088451803	-0.288393355	-0.69682984
8774	0.956625254	0.850015395	0.188408584	-0.558619212
8775	0.911551498	1.048367459	0.187196813	-0.582251099
8778	0.539517215	1.29005128	-0.344817932	-0.490269498
8779	0.486682988	1.144159493	-0.140635413	-0.282443377
8780	0.493082903	0.712467638	-0.024074704	-0.466761499
8787	0.921999412	1.015588433	0.1741921	-0.610201226
8800	0.588799657	1.09396243	-0.243267965	-0.743556485
8804	0.786939506	1.244183593	-0.346362006	-0.690943714
8806	0.617671831	0.998462391	0.036608697	-0.379002561
8808	0.955889221	0.893686675	0.205225282	-0.549587986
8814	0.661244394	0.926973557	-0.482608804	-0.606372442
8815	0.587186401	1.198113694	-0.263606323	-0.743695572
8816	0.951036266	1.116141867	-0.491749424	-0.544593995
8826	0.972361168	0.858755877	0.174674951	-0.558182374
8829	0.585270915	1.023813116	-0.254524945	-0.754982337
8830	0.608782676	1.075699341	-0.424096438	-0.571151065
8831	0.943985559	0.916628184	0.206923518	-0.561304544
8836	0.454613014	0.908530032	-0.164726504	-0.468665815
8838	0.96804716	0.846871542	0.178688793	-0.568182122
8841	0.930679779	1.071521873	-0.517917063	-0.542986046
8844	0.514755565	1.146181477	-0.267348523	-0.670820171
8852	0.877286864	0.901545946	-0.576626848	-0.517527595
8854	0.858481953	0.829565869	-0.567141124	-0.577767589
8855	0.510401385	0.761512209	-0.334477233	-0.428929658
8856	0.707527446	1.098720717	0.011914782	-0.692256042
8858	0.932619777	1.012270458	0.161060346	-0.623571159
8864	0.592407295	0.811306728	-0.04032433	-0.647104968
8866	0.9498333	1.111544445	-0.488816503	-0.51264885
8867	0.649003039	1.167225888	-0.125670521	-0.788288638
8868	0.531093532	1.001119519	-0.380272843	-0.420561406
8873	0.963514648	1.143689443	-0.465747942	-0.588687025
8877	0.60522824	1.318868354	-0.419880201	-0.683501962
8879	0.549778633	0.967376754	-0.211478068	-0.881032862
8890	0.658084518	1.194383372	-0.044397759	-0.644305716
8893	0.507497239	0.646850345	0.00933061	-0.509518872
8895	0.621813956	1.176904524	-0.1367062	-0.805126735
8896	0.631009795	1.112978073	-0.303234785	-0.846938939
8897	0.912231656	1.063326305	0.186511092	-0.602293255
8899	0.968247942	0.852714536	0.184832982	-0.563837945
8902	0.599526144	1.130870837	-0.284790794	-0.594946918
8906	0.61952407	1.073030988	-0.4466323	-0.554418869
8907	0.646461908	1.225476042	-0.380212338	-0.542438801
8913	0.497402215	0.706820496	-0.287773288	-0.391910629
8914	0.746941211	0.926022882	0.00032403	-0.704512893
8917	0.673779281	0.77238639	0.098709049	-0.379211239
8921	0.506725092	0.840140821	-0.055111018	-0.590833978
8922	0.944330734	1.096041267	-0.492228614	-0.520008765
8928	0.495970632	1.077885163	-0.133997028	-0.528676226
8929	0.470839675	0.806724956	-0.276274103	-0.502869161
8931	0.629719862	1.202982778	-0.36518661	-0.814736983
8934	0.495266735	1.018901053	-0.285701829	-0.658649783
8936	0.919492463	1.031755261	0.170930342	-0.615496529
8937	0.946721528	1.086293568	-0.493406083	-0.605059036
8938	0.555170921	1.279305633	-0.317368518	-0.732315973
8943	0.67577577	0.926948326	-0.476879577	-0.546874101
8945	0.845965174	0.803155719	-0.563991128	-0.571153936
8954	0.667202108	1.03958369	0.044244247	-0.564856947
8956	0.870548868	0.909914976	-0.564947462	-0.573887833
8957	0.652498276	1.175256586	-0.431267026	-0.719029143
8959	0.954890883	0.898389768	0.186074014	-0.58469449
8966	0.960567589	1.13028889	-0.471896349	-0.602947778
8968	0.59641283	1.386470055	-0.371848591	-0.742523141
8972	0.46308488	0.679163766	-0.085398232	-0.517166746
8973	0.949760506	1.102736399	-0.490649261	-0.511953871
8977	0.74605302	1.104181436	-0.488011785	-0.674085591
8979	0.840739337	0.830703988	-0.585819807	-0.510474346
8981	0.534313469	1.122809232	-0.344178778	-0.512779861
8991	0.46002915	0.710780201	-0.197985519	-0.58367496
8993	0.914299892	1.088437106	0.155600237	-0.635931621
8996	0.517520192	1.152142168	-0.23405168	-0.667033209
8997	0.909117354	1.080971437	0.170606778	-0.625577714
9001	0.667626895	1.236195516	-0.052266695	-0.668881333
9003	0.596267359	1.325955011	-0.270778253	-0.816281668
9009	0.754640126	0.87666768	0.015022984	-0.700754805
9012	0.552352627	0.986557759	-0.385449841	-0.4702652
9015	0.827463529	1.21081906	-0.403346626	-0.761002198
9017	0.576187775	1.132268285	-0.240366722	-0.900741745
9018	0.644558619	1.195262382	-0.30391539	-0.560618777
9019	0.528103932	1.080690295	-0.170862942	-0.685632915
9020	0.500436434	1.056816154	-0.20399644	-0.677222444
9021	0.751228545	1.132576508	-0.431738444	-0.634606124
9023	0.485985048	0.816384745	-0.297358438	-0.594620655
9024	0.631373476	1.120703447	0.017110056	-0.476012721
9026	0.505138964	0.971835854	-0.224847794	-0.702203079
9027	0.552579943	1.078660464	-0.399109341	-0.601739612
9028	0.969383303	0.880526576	0.183576084	-0.546078157
9033	0.771204168	1.223353625	-0.351138912	-0.890350418
9034	0.501384363	0.882732667	-0.225996186	-0.755656782
9037	0.47484589	0.583449773	-0.256538531	-0.492375287
9040	0.475144711	0.977737013	-0.132013995	-0.483562581
9041	0.593932519	0.869255062	-0.013109887	-0.655650201
9054	0.48254915	1.088500423	-0.200765502	-0.538494683
9055	0.60027956	1.118772142	-0.210894346	-0.871854067
9056	0.569849027	1.200258431	-0.187624952	-0.747085912
9057	0.96519427	0.851379243	0.183808231	-0.547788094
9061	0.95237465	0.92568012	0.192014131	-0.586841309
9066	0.605962849	0.930470895	-0.264601035	-0.581225167
9069	0.459651435	0.775590637	-0.212852844	-0.563167469
9072	0.908762889	1.104497918	0.158588914	-0.621572455
9083	0.660816932	1.195196908	-0.403247744	-0.871367985
9085	0.462666733	0.813945537	-0.19414298	-0.57269157
9088	0.748005544	1.075323217	-0.06705698	-0.795036877
9090	0.970352015	0.840723712	0.18831871	-0.553088414
9095	0.658433454	1.045962526	-0.053467178	-0.584007782
9099	0.96789643	0.906599027	0.175631204	-0.588237973
9105	0.912241763	1.062958487	0.187996787	-0.600113029
9106	0.540158358	0.86160179	0.018772711	-0.377642304
9107	0.687669715	0.917084774	0.113346339	-0.507416683
9109	0.513528802	1.127383071	-0.313488738	-0.65038395
9110	0.551126859	0.943947062	-0.31017009	-0.694973248
9111	0.967405705	0.884441656	0.150395006	-0.589890911
9113	0.957436562	1.10522947	-0.470651351	-0.579397476
9114	0.533399228	1.214469835	-0.208495318	-0.658238932
9118	0.715128775	0.990895556	0.030396696	-0.700523036
9119	0.517236981	1.004523246	-0.047860904	-0.342409792
9120	0.949393543	0.995872694	0.134982209	-0.634630204
9121	0.487091513	1.067265118	-0.226866912	-0.451449876
9123	0.464401905	0.987814804	-0.161450853	-0.421850648
9127	0.965616914	1.146764307	-0.448896395	-0.592459767
9129	0.508529311	0.980459801	-0.096818613	-0.584829048
9133	0.968216129	0.884237198	0.173819162	-0.567971714
9135	0.967667459	0.85616367	0.176711334	-0.573784165
9143	0.4788447	0.904616885	-0.275932	-0.336459749
9146	0.735452028	0.986064319	-0.536799797	-0.594329502
9147	0.558281549	1.062758629	-0.099823474	-0.599822987
9148	0.49057669	0.818859494	-0.126527844	-0.655599943
9149	0.550180273	1.095232245	-0.085990054	-0.579359733
9150	0.732341918	0.882480858	0.034718192	-0.671087901
9152	0.940860975	0.957289777	0.180056963	-0.600654833
9155	0.51923424	1.061483298	-0.16405959	-0.649882732
9156	0.774606301	1.031167498	-0.051374416	-0.804389404
9158	0.714081105	0.92576382	0.01875056	-0.630333108
9162	0.564983226	0.881155437	-0.140649749	-0.794062839
9164	0.598381466	0.804208319	-0.060876884	-0.649513884
9165	0.95991668	1.120273688	-0.462453483	-0.572524157
9167	0.97401267	0.864108283	0.173417122	-0.561450718
9168	0.455316121	0.677391759	-0.211315529	-0.505756809
9175	0.514480196	0.94752552	-0.100674872	-0.645086309
9176	0.503689976	1.167287951	-0.120740247	-0.551469237
9178	0.837528819	0.809011452	-0.577189765	-0.509223257
9179	0.488841419	1.006366153	-0.278241829	-0.572069832
9182	0.485644227	0.626628843	-0.076818681	-0.632031526
9185	0.589886721	1.056327208	-0.282667504	-0.601003413
9186	0.714035924	0.953369733	-0.523715731	-0.558068924
9189	0.529896009	0.91869957	-0.340749639	-0.685401463
9190	0.6302925	1.132170153	-0.272274869	-0.863423831
9191	0.962055167	0.87677567	0.197979477	-0.550475942
9194	0.967657156	0.892085121	0.157799456	-0.586151579
9195	0.626712382	0.946392864	-0.142122629	-0.907454939
9196	0.493357535	0.967281797	-0.213855415	-0.533220871
9197	0.940959408	1.003932906	0.172289454	-0.613221101
9207	0.685312839	1.223197752	-0.484818128	-0.624756454
9213	0.685354538	1.129105647	-0.013267415	-0.698518862
9216	0.704562625	0.805714931	0.129630347	-0.509294641
9217	0.863067697	0.894964998	-0.58318013	-0.525656219
9218	0.456774618	0.972501099	-0.141945655	-0.386553257
9219	0.900550728	1.116895396	0.15508571	-0.614604836
9221	0.63114364	0.921346848	-0.265162853	-0.23247397
9222	0.477754976	0.834800518	-0.05468467	-0.325000965
9234	0.529156482	0.792314561	-0.35769132	-0.538908453
9239	0.656896047	1.158877146	-0.044984846	-0.660859883
9242	0.500181391	1.007629466	-0.213216715	-0.708055922
9246	0.496556841	0.955114811	-0.193860474	-0.685964298
9251	0.931665334	1.068755525	-0.50712285	-0.592603327
9252	0.628867014	1.10515854	-0.422319505	-0.625599379
9254	0.646021747	1.001459279	0.020825358	-0.527595669
9258	0.572817147	0.91245431	-0.141797965	-0.815227842
9259	0.561987243	1.059398984	-0.410659965	-0.685433944
9266	0.686109321	1.22067064	-0.036327203	-0.707466704
9267	0.956222027	0.904100293	0.175256007	-0.592861429
9271	0.809365187	1.216334442	-0.397680485	-0.739682201
9273	0.587170875	0.930884425	-0.435219627	-0.617269038
9274	0.950014738	0.945560695	0.188288198	-0.577924554
9276	0.907631166	1.074309908	0.184904185	-0.595889389
9279	0.947758485	0.988891879	0.133953095	-0.644679956
9280	0.547622581	1.021267076	-0.049836187	-0.510661435
9281	0.549012193	0.990207405	-0.077334915	-0.556816412
9285	0.463939144	0.778245834	-0.181748681	-0.612620121
9288	0.60912784	1.034700482	-0.068669671	-0.753651942
9294	0.477443997	0.828836207	-0.216543931	-0.568708046
9299	0.965067927	0.891238314	0.171305345	-0.5892957
9300	0.579632611	1.070202206	-0.281642128	-0.456376893
9303	0.500333674	0.85151216	-0.090008175	-0.558453455
9305	0.752011783	1.081341879	-0.496311708	-0.6264996
9311	0.486829336	1.062116218	-0.221993092	-0.562618117
9318	0.662014019	1.066313064	-0.147249776	-0.894245694
9326	0.760886057	0.881831492	-0.005460354	-0.700170967
9334	0.490259545	0.672396448	-0.011043895	-0.395732961
9338	0.749123219	0.90601871	-0.011205748	-0.721582495
9339	0.666114769	1.052171431	0.0367467	-0.585183864
9342	0.526187473	1.17183651	-0.267591744	-0.663216248
9346	0.694669942	1.020110746	0.055743398	-0.624614637
9347	0.953660003	1.118366367	-0.482609978	-0.515350588
9351	0.616309457	1.172564847	-0.366418717	-0.625379099
9352	0.611474524	1.163589465	-0.306785058	-0.88435182
9354	0.554643527	1.134875275	-0.360113168	-0.61041069
9355	0.643643493	1.172651283	-0.131624618	-0.814366027
9358	0.700558066	1.030610884	0.046158209	-0.680080992
9361	0.92183806	1.029942976	-0.527431707	-0.516421464
9366	0.508380537	0.923847483	-0.085372307	-0.612654968
9367	0.548360115	1.133750291	-0.203689647	-0.740807429
9368	0.951426647	1.154028919	-0.488331878	-0.533874367
9369	0.758744708	0.904679611	0.024620907	-0.714172591
9371	0.656263662	1.05874076	0.052081762	-0.522133846
9373	0.950633912	0.921598714	0.19047671	-0.576993082
9380	0.94840203	0.930451528	0.172806973	-0.590487023
9382	0.575567714	1.213477542	-0.249901492	-0.77390598
9384	0.933271292	1.088476697	0.084880885	-0.713386159
9389	0.694019348	0.799700622	-0.054037896	-0.831180113
9391	0.901957269	1.127692424	0.153609264	-0.63952597
9398	0.4802101	0.898600671	-0.188733038	-0.659909778
9399	0.450375557	0.862688175	-0.13895751	-0.390227901
9402	0.637080573	1.205730889	-0.325828114	-0.526646189
9404	0.520689724	0.901471907	-0.112909372	-0.648886131
9406	0.69113063	1.080572812	0.031701675	-0.679670404
9413	0.95999316	0.932095226	0.137683756	-0.629644407
9416	0.484537019	0.874159419	-0.096224423	-0.494645052
9417	0.527664881	0.822732921	-0.346449435	-0.596543062
9418	0.604220159	0.825128997	-0.023714297	-0.692545877
9422	0.534787559	1.224939961	-0.227638153	-0.632382768
9426	0.920176026	1.050359972	0.16873084	-0.614176024
9427	0.960941412	1.1533896	-0.482503414	-0.576196875
9428	0.92588671	1.048713279	0.126410699	-0.684601912
9429	0.580258292	0.948016933	-0.389496587	-0.650656461
9433	0.970483939	0.857760674	0.189690066	-0.566148032
9434	0.944304932	0.964580381	0.18786875	-0.584171931
9439	0.928536735	1.017914974	0.176238057	-0.594036396
9440	0.492673566	0.872676434	-0.319941773	-0.532956836
9445	0.701348	1.168541305	-0.272275899	-0.993766496
9447	0.728079869	0.831461569	0.054870456	-0.62887783
9448	0.929776788	1.002781395	0.198179777	-0.568792405
9450	0.481520128	0.861268225	-0.07603938	-0.501304794
9451	0.962808056	1.131003973	-0.482401888	-0.56537348
9452	0.558601091	1.052113509	-0.06895451	-0.595547056
9455	0.591035177	0.923369886	-0.040148366	-0.668742766
9456	0.568786766	0.996048181	-0.034022553	-0.612551702
9457	0.720519884	1.250133172	-0.117549283	-0.800187474
9458	0.752488733	1.105535089	-0.479999677	-0.522095631
9460	0.493264491	0.727005992	-0.291726215	-0.341966081
9461	0.487944353	1.045926864	-0.147279232	-0.587523047
9462	0.687128919	1.149686542	-0.04327911	-0.727510259
9464	0.534189218	0.828811855	-0.365304591	-0.476673185
9466	0.658852426	0.890608788	-0.085894801	-0.795676872
9469	0.498034462	1.015531297	-0.138781587	-0.566410303
9472	0.508850608	1.087200206	-0.139093903	-0.59161461
9475	0.689141082	0.893269162	0.115074401	-0.496620076
9476	0.546814423	0.835326405	-0.383011112	-0.630426579
9477	0.93054169	0.993470059	0.159703825	-0.629680749
9483	0.543229948	0.878733603	-0.323572422	-0.628289081
9485	0.926124578	1.002734385	0.191594357	-0.582731933
9491	0.753290465	0.877169367	0.034201342	-0.702800888
9494	0.573982954	0.875810275	-0.031957488	-0.58800788
9496	0.788523284	1.154900404	-0.47689567	-0.579703475
9498	0.909234159	1.057670384	0.179661122	-0.611125213
9502	0.526876317	1.157289059	-0.264986378	-0.607222445
9523	0.594707286	1.121474685	-0.10960265	-0.712737368
9524	0.944147737	1.095607565	-0.503737933	-0.574923537
9531	0.607179644	0.98663569	-0.059880752	-0.732513435
9534	0.50442563	1.009748013	-0.296657598	-0.657400111
9536	0.907227675	1.038204426	-0.548373661	-0.593481291
9538	0.526826794	0.974856884	-0.151666612	-0.693541603
9541	0.494103698	1.14910115	-0.237847802	-0.54975151
9545	0.776979564	1.27166189	-0.343033947	-0.887091491
9546	0.955052429	1.114175562	-0.48006155	-0.598086322
9550	0.961155302	0.895585246	0.179642032	-0.583064438
9551	0.50023296	1.056311304	-0.218508591	-0.670061844
9552	0.62613939	0.778263514	-0.439727594	-0.431126942
9554	0.645429298	0.847638735	-0.444307629	-0.61566865
9555	0.92434371	1.026943134	0.175233053	-0.622397615
9556	0.473610864	1.040170786	-0.15816632	-0.587714443
9559	0.734087289	0.832796259	0.067212395	-0.621404873
9560	0.719521754	1.151133606	-0.36769153	-0.595192901
9563	0.513456116	1.064450572	-0.161820445	-0.634122387
9566	0.656579491	1.17469354	-0.045172285	-0.649640637
9567	0.639507026	1.005073812	-0.069103307	-0.806112046
9572	0.940583972	1.000989398	0.180199348	-0.613939527
9579	0.534099466	1.089133975	-0.162812938	-0.70269121
9582	0.547096242	1.059721768	-0.36225348	-0.67601649
9584	0.493123086	0.805273678	-0.042677643	-0.513318182
9586	0.658258299	1.189250815	-0.036692785	-0.620162806
9587	0.719456108	0.922840755	0.077500834	-0.621942184
9588	0.553548654	1.378681811	-0.342767942	-0.573697489
9589	0.900212158	0.987335595	-0.548436131	-0.598079783
9590	0.592842283	1.122094052	-0.104559891	-0.714149722
9591	0.966340059	0.909079251	0.166393413	-0.600765584
9596	0.944090357	0.938913838	0.198639708	-0.563997551
9597	0.579972529	0.992233939	-0.056964119	-0.657069255
9603	0.584548678	1.020579951	-0.102713675	-0.677513614
9604	0.700828612	1.132966348	-0.012910478	-0.720081889
9608	0.730981812	0.904013656	0.03239306	-0.695464508
9614	0.96591881	0.865682177	0.193177779	-0.580844057
9616	0.93094593	1.05709106	-0.513306538	-0.510722479
9621	0.669473145	1.250049625	-0.2211014	-0.933763806
9622	0.638337904	1.099458076	-0.030209158	-0.543870501
9623	0.535246357	0.901330428	-0.326455556	-0.318596013
9624	0.710147757	1.046642729	-0.413281078	-0.723009592
9625	0.753899055	1.048368233	-0.501165309	-0.602608545
9629	0.719344208	0.966918389	0.065515156	-0.667625456
9632	0.970818599	0.887948917	0.164806526	-0.57529785
9633	0.661833853	1.026574593	-0.338180233	-0.809190909
9634	0.706947864	0.886043405	0.118296404	-0.546604595
9635	0.496509534	0.71589163	-0.290506086	-0.531204388
9646	0.515774878	1.188445048	-0.208422257	-0.602970089
9648	0.935561442	1.04562664	0.129202821	-0.666724482
9649	0.675047776	0.908563833	0.030104702	-0.568608221
9661	0.560274655	0.553241321	-0.372222486	-0.51248167
9662	0.89364213	0.988716544	-0.560785607	-0.548820714
9663	0.928588913	1.039005423	-0.511702717	-0.448147947
9664	0.946862339	0.909664076	0.186894038	-0.586995843
9670	0.665923216	1.235606505	-0.049891673	-0.6532499
9685	0.56178075	0.955576291	-0.043264299	-0.575297301
9686	0.496488055	1.103882435	-0.27590802	-0.534213037
9687	0.613169806	1.050245817	-0.412262165	-0.73564345
9688	0.557787975	1.070355193	-0.079286633	-0.591500423
9691	0.68019606	1.253665276	-0.458254347	-0.612637268
9692	0.967951777	1.124042697	-0.444118611	-0.598944827
9693	0.77228929	1.028966424	-0.074652708	-0.793393821
9694	0.577832624	1.301540915	-0.15385459	-0.6320683
9705	0.548755991	0.923894549	-0.384722037	-0.517108607
9706	0.572056119	1.177909222	-0.394639517	-0.56429736
9707	0.506248815	0.692189416	-0.330159632	-0.467853549
9711	0.908243861	1.094605033	0.178214917	-0.605516076
9713	0.682229562	1.092846934	-0.31708665	-0.86919486
9715	0.918012949	1.070774039	0.151868037	-0.63249754
9716	0.888190415	0.888250612	-0.541871012	-0.251340419
9717	0.972199343	0.86762669	0.170727781	-0.58405498
9718	0.970566292	0.848245817	0.191939808	-0.536477317
9720	0.470839307	1.067943368	-0.165920089	-0.479741342
9721	0.561883975	1.204165708	-0.295002427	-0.344020101
9722	0.593596166	0.89734439	-0.024581027	-0.680221221
9723	0.47225346	0.777372893	-0.119073885	-0.585196061
9724	0.712171794	1.000893428	0.034880871	-0.68070847
9727	0.578246649	0.959725619	-0.01981383	-0.646980016
9730	0.967898652	0.92457857	0.168987974	-0.578556121
9731	0.739078217	1.15503217	-0.332899522	-0.687163874
9736	0.959566748	1.103242689	-0.459520669	-0.580415748
9745	0.962106558	0.902972676	0.168985068	-0.604634471
9746	0.671990222	0.947776252	-0.468333999	-0.471227335
9747	0.477975963	1.025163554	-0.189898778	-0.573981023
9749	0.71313597	1.215930159	-0.290402901	-0.841735086
9750	0.662360131	1.230412336	-0.050633515	-0.651253496
9751	0.488654428	1.065088876	-0.110550674	-0.406164644
9754	0.846349757	0.830902808	-0.566867779	-0.559073532
9757	0.711602721	0.980747547	0.079522399	-0.623335989
9761	0.952042518	1.111238171	-0.486595685	-0.542518464
9762	0.946821433	0.93310069	0.204174965	-0.562757127
9764	0.957201313	0.874572899	0.187285785	-0.575861054
9766	0.968711824	0.844721939	0.189745602	-0.546268831
9770	0.926994315	1.029724021	0.192075322	-0.584561351
9777	0.594617335	0.755707827	-0.414397254	-0.530981542
9778	0.957687123	0.906672536	0.182227615	-0.589767937
9780	0.541813557	1.05409068	-0.35757136	-0.651646428
9781	0.80870448	1.207688772	-0.3962547	-0.737213002
9782	0.712138672	1.068887013	-0.344807883	-0.298648306
9783	0.957073354	0.945437315	0.159317561	-0.605892878
9784	0.516003241	0.800152796	-0.335444996	-0.458183817
9785	0.554008034	1.044713338	-0.134938915	-0.75452616
9791	0.682440654	0.95904358	0.04369645	-0.562714966
9797	0.575392524	1.108545014	-0.238365432	-0.720047769
9798	0.962309741	0.850158901	0.179573142	-0.584993581
9800	0.926736854	1.000936972	0.19203235	-0.594348843
9802	0.541895063	0.922045134	-0.366035014	-0.462773654
9804	0.509033069	0.925568249	-0.119082285	-0.600733307
9807	0.968480231	0.885273312	0.155448807	-0.581476322
9808	0.967793727	0.870394953	0.185568348	-0.576878204
9809	0.959782663	0.911573007	0.177909302	-0.601269541
9811	0.523384889	1.152890675	-0.193383087	-0.609690094
9816	0.923192517	1.033235608	0.180545137	-0.61156485
9817	0.5273155	0.843433087	-0.263762965	-0.595038298
9821	0.951881486	1.127031216	-0.484197311	-0.651555333
9826	0.474651647	1.003067416	-0.257038197	-0.565470779
9827	0.592696201	1.104770718	-0.112790786	-0.729070339
9832	0.66922613	1.023931032	-0.358115187	-0.631178962
9835	0.964735715	0.846496096	0.191881426	-0.578354354
9836	0.487642318	0.953856375	-0.231316931	-0.623818085
9838	0.615897066	1.202689124	-0.227171355	-0.490130027
9843	0.455171227	0.711592122	-0.191148787	-0.577415869
9845	0.543134269	1.232753361	-0.118187126	-0.48837902
9849	0.963615335	0.92591178	0.16404155	-0.591516448
9850	0.510310159	1.025583152	-0.299270044	-0.501742689
9851	0.66510321	0.845583875	0.038736336	-0.513281201
9854	0.737854045	1.107288018	-0.060569962	-0.767459553
9857	0.618439237	0.877202269	-0.381925449	-0.341713082
9858	0.937835678	0.964580063	0.183206764	-0.608692691
9859	0.483558194	1.03277574	-0.176589376	-0.629596917
9860	0.909101444	1.086961961	0.162839887	-0.62158039
9862	0.936352425	0.963305973	0.182738112	-0.596429655
9864	0.48677628	1.01911809	-0.115854872	-0.535677556
9868	0.571551512	0.688309066	-0.369251226	-0.470589368
9869	0.70977434	0.961865271	0.071164799	-0.631450935
9872	0.48175691	0.990771736	-0.205261315	-0.585380689
9873	0.964009358	1.126712175	-0.451408719	-0.612882241
9877	0.966686694	0.895191247	0.153549493	-0.582541821
9878	0.683670812	0.88007983	0.016665357	-0.569342498
9880	0.582002982	1.203732024	-0.398356195	-0.572625925
9882	0.953456975	0.887811335	0.179787011	-0.595200227
9887	0.744709327	0.828260637	0.018223375	-0.684440727
9891	0.768486668	0.893898066	-0.007314356	-0.746258666
9892	0.934409467	1.013888616	0.17762079	-0.602121742
9893	0.529012884	0.923962642	-0.343951716	-0.682481496
9894	0.735554924	1.05582153	-0.521388286	-0.59587908
9895	0.559307963	1.252861537	-0.204384288	-0.675830259
9896	0.621557401	0.826724353	-0.414264928	-0.672271342
9898	0.951497381	0.916238933	0.190562534	-0.580197251
9899	0.923498678	1.013926913	0.181396687	-0.606630675
9903	0.97039466	0.876839939	0.175954118	-0.580262469
9906	0.511748436	0.812054842	-0.064759482	-0.613780824
9908	0.526590819	0.967503526	-0.208966478	-0.588573969
9910	0.682906817	1.300633224	-0.297106872	-0.834866319
9911	0.732601939	0.932727862	0.066419982	-0.670408516
9912	0.939911991	0.928196284	0.188493702	-0.55910057
9913	0.772596836	1.159177242	-0.493000105	-0.524326568
9915	0.690068638	1.090029087	0.030016572	-0.65366083
9916	0.669491801	1.069899498	0.02782091	-0.587247979
9917	0.688599409	0.692821388	0.086179325	-0.406725748
9920	0.5732635	1.078595513	-0.349716739	-0.769192981
9922	0.477825036	0.856212348	-0.224132171	-0.60952814
9923	0.720294901	0.922754661	0.075442389	-0.640943399
9924	0.541821454	1.222892317	-0.122065531	-0.51752153
9926	0.957523649	0.919183341	0.174189468	-0.590148003
9929	0.92067002	1.066233139	0.166391642	-0.623086199
9933	0.464211892	0.845456392	-0.134138146	-0.556004573
9934	0.446471878	0.766296489	-0.103884868	-0.367552304
9935	0.969333253	0.82504023	0.186503183	-0.571063154
9940	0.751795052	1.079551256	-0.474680303	-0.414381273
9942	0.515831778	0.630307982	-0.028323526	-0.553173064
9943	0.526693059	0.957218072	-0.189436122	-0.332685456
9944	0.948292261	0.941983526	0.187759244	-0.592417754
9947	0.962459961	0.903732065	0.176622535	-0.571000363
9950	0.960283831	1.100341184	-0.474442697	-0.564353473
9951	0.489231514	0.999815531	-0.205032512	-0.50355413
9953	0.939469533	1.035473618	0.134904575	-0.654424141
9954	0.486305901	1.09207934	-0.111907213	-0.484265475
9957	0.525790925	1.070646363	-0.177101615	-0.663300535
9959	0.939202806	0.966040211	0.179945031	-0.613595826
9962	0.555162562	0.974125431	-0.052502387	-0.553137439
9965	0.493082053	0.789633169	-0.0397531	-0.509160497
9973	0.794701274	1.236694767	-0.324722819	-0.692663754
9974	0.742360858	0.852775972	0.06595116	-0.674476898
9977	0.518232684	0.683050807	-0.012864075	-0.585812546
9981	0.964797495	0.89676791	0.171300887	-0.587582491
9989	0.929939105	1.085097261	-0.524955632	-0.470735039
9991	0.665260391	1.143741954	-0.252696952	-0.83813417
9992	0.732907605	1.209857807	-0.358602046	-0.848395952
9994	0.908855262	1.100405795	0.162350815	-0.641876007
9995	0.681218741	0.797630682	0.056828227	-0.455718852
9996	0.482942396	1.106432245	-0.213939356	-0.437440946
9997	0.909985483	1.05974739	0.184337852	-0.584356269
10001	0.665185346	0.701234966	0.09977682	-0.252056571
10013	0.574563183	0.949766351	-0.264210504	-0.800475746
10017	0.90646474	1.110411332	0.157756041	-0.626132678
10019	0.945473969	1.09162929	-0.493011569	-0.609566419
10020	0.481375604	1.199021539	-0.160650569	-0.443784832
10025	0.488284732	1.186176058	-0.224832329	-0.469813185
10029	0.857311149	0.881289016	-0.569637289	-0.513402659
10030	0.809408179	1.251894743	-0.399863296	-0.667782908
10031	0.460992045	0.911932975	-0.166077015	-0.475596652
10032	0.513869686	0.916142996	-0.094857248	-0.646778159
10035	0.555375121	1.056957061	-0.161067364	-0.722896233
10044	0.675780903	1.024418096	-0.347840788	-0.695238494
10046	0.705836027	0.901547883	0.113148697	-0.562530175
10051	0.949168595	1.074845675	-0.493532834	-0.540486325
10053	0.572197945	0.861337382	0.00519874	-0.565996476
10055	0.534312053	1.155155827	-0.30395935	-0.692134049
10061	0.967011944	1.15045216	-0.46329006	-0.532567842
10063	0.961514333	0.906251151	0.167607362	-0.586272877
10068	0.562315704	1.03598214	-0.192006954	-0.360465764
10069	0.916172237	1.073658624	0.146475976	-0.641233612
10076	0.964223155	0.874010305	0.171453574	-0.590758828
10078	0.737042228	0.944352147	-0.529131397	-0.613485478
10082	0.57425312	1.098831406	-0.087670571	-0.650585348
10083	0.663726375	0.915967215	0.084742337	-0.47430145
10088	0.577672952	0.952863748	-0.018938286	-0.623952439
10098	0.969397873	0.862085467	0.159019241	-0.591016934
10105	0.707305237	0.87683037	0.115622273	-0.566072189
10109	0.944783694	0.948547923	0.184448279	-0.594608523
10110	0.919622666	1.054291258	0.169711558	-0.619440305
10111	0.935671165	1.053244287	-0.509430311	-0.542729355
10116	0.686841856	0.909299865	0.117054899	-0.475574213
10123	0.446899293	0.782243589	-0.178641073	-0.402882778
10124	0.973418901	0.860313082	0.174339776	-0.570054281
10125	0.96718157	0.935889874	0.150113568	-0.605471328
10126	0.66189857	0.955129208	0.05479833	-0.532515013
10128	0.933856256	1.058048518	0.088898458	-0.70345173
10130	0.904759698	1.108877548	0.163514241	-0.610863339
10136	0.969072698	0.876815899	0.180631571	-0.540824329
10141	0.911665914	1.077847819	0.183029702	-0.599628274
10144	0.656909508	1.216692855	-0.207402077	-0.911529056
10152	0.543937567	1.167749044	-0.211877998	-0.684427779
10155	0.517984107	1.078343239	-0.176971211	-0.647272652
10156	0.942058456	1.107625716	-0.499714386	-0.59869933
10157	0.950298637	1.121752993	-0.494265491	-0.518854267
10162	0.598809725	1.19062305	-0.434173952	-0.694042694
10164	0.962004498	1.117687671	-0.460147036	-0.590118479
10167	0.922774972	1.024694133	0.174623716	-0.588445482
10169	0.965258122	1.100185424	-0.451726478	-0.611888488
10170	0.591256144	0.826334079	-0.002266103	-0.61159419
10171	0.62987358	1.154780762	-0.010089492	-0.528943591
10177	0.903340082	1.131030668	0.154894291	-0.633748067
10178	0.493474371	1.054823578	-0.227079592	-0.652370219
10183	0.746968459	0.898538059	-0.006867453	-0.721591683
10185	0.620044001	1.020377545	-0.438566716	-0.672352198
10186	0.716757376	0.919879142	0.096805018	-0.618221717
10187	0.490860568	1.029039026	-0.28189361	-0.624312513
10188	0.691893121	1.06694425	-0.361335047	-0.467196095
10191	0.681843014	0.917919985	0.103296641	-0.520381613
10193	0.966650831	0.918363942	0.163505572	-0.582740191
10194	0.559774358	0.899340903	-0.38244072	-0.6668093
10196	0.952312558	0.911295324	0.188470076	-0.585669094
10201	0.742258673	1.080398236	-0.428472766	-0.723109152
10208	0.671983942	1.110185692	-0.307795942	-0.439283816
10209	0.967615249	0.896545048	0.15446924	-0.606897949
10212	0.941598972	1.080872206	-0.491674841	-0.552257848
10213	0.509761327	1.19304214	-0.204058782	-0.525650856
10221	0.529178355	1.339701225	-0.1688208	-0.443115774
10225	0.473915863	0.992972338	-0.252309331	-0.488753334
10228	0.529938412	0.606267516	-0.008026659	-0.594954109
10234	0.507952683	0.959111796	-0.129446222	-0.622364401
10235	0.505961253	0.818226136	-0.051147018	-0.562580276
10241	0.557386677	0.809475071	-0.055317525	-0.479315898
10247	0.734062096	0.993864951	-0.516604373	-0.584231161
10248	0.964786373	0.873334815	0.173150668	-0.576145492
10250	0.475482957	1.037392035	-0.159897704	-0.552777935
10251	0.48718382	0.888032138	-0.296815981	-0.541591769
10254	0.912285813	1.060087389	0.188444707	-0.585398282
10257	0.483920564	1.040695921	-0.097082852	-0.416947465
10260	0.489741781	0.829588492	-0.129590338	-0.678190376
10264	0.63564636	1.172544505	-0.053896005	-0.562618498
10266	0.686019391	1.011095327	0.052007541	-0.62547129
10269	0.561127359	1.366713382	-0.273206614	-0.662463944
10271	0.969197938	0.841814956	0.177265754	-0.581237785
10275	0.507570045	1.082312495	-0.160291242	-0.583268738
10277	0.47168486	0.867353637	-0.23728219	-0.515061207
10278	0.758730854	1.055943336	-0.519408519	-0.6436412
10279	0.57710979	0.978167189	-0.024291408	-0.621636385
10284	0.479015741	1.0408831	-0.249352257	-0.551657661
10285	0.549050752	1.080872812	-0.078400311	-0.587709256
10288	0.665349171	1.258608916	-0.064021461	-0.671875299
10290	0.491724639	1.085844752	-0.294195638	-0.452793945
10291	0.499484625	1.043932845	-0.227034301	-0.648108729
10293	0.648499002	0.894826159	-0.455598085	-0.547435113
10295	0.77213068	1.106506566	-0.530712486	-0.638160593
10300	0.95510678	0.949868524	0.16606453	-0.607025196
10303	0.522233926	0.877791475	-0.011179345	-0.266637511
10305	0.599041364	1.024545669	-0.075382445	-0.722669038
10306	0.911878661	1.060167542	0.183345957	-0.61302723
10309	0.505675221	0.718719377	-0.059827158	-0.56414588
10310	0.448399777	0.85522121	-0.12833414	-0.357030882
10314	0.585526072	0.741266518	0.050303562	-0.517800368
10315	0.72771761	1.069805998	-0.407003791	-0.71366144
10316	0.523054176	1.097365186	-0.15374881	-0.691213446
10320	0.57160288	0.755602497	-0.259136198	-0.575627894
10321	0.506841998	0.83268442	-0.219224459	-0.52827232
10325	0.705243969	1.070943977	0.016569664	-0.712826161
10327	0.835139861	1.214729224	-0.464408456	-0.693080641
10330	0.76117236	1.126932655	-0.453482888	-0.60035211
10331	0.567636746	0.952714555	-0.029462793	-0.599030279
10335	0.482592258	0.90237505	-0.072222696	-0.445102231
10336	0.655962529	1.04054964	0.028743155	-0.553007186
10337	0.57911211	0.840301147	-0.001854553	-0.588556675
10341	0.640584899	1.23063655	-0.045442629	-0.588195792
10344	0.95046777	1.10756458	-0.483656347	-0.546667792
10346	0.45842953	1.037770073	-0.107317707	-0.335428802
10350	0.622405742	1.232647228	-0.284816301	-0.784384428
10353	0.916747962	1.073799507	0.149221587	-0.631742864
10357	0.955244567	1.099713885	-0.471282226	-0.587579697
10358	0.690236151	1.012499381	-0.409145261	-0.588341163
10359	0.486242972	0.924285697	-0.100485965	-0.509601988
10361	0.635976565	1.054008531	-0.156075149	-0.866258963
10364	0.696047081	1.013362271	-0.451384885	-0.474238645
10366	0.913818659	1.052697187	0.189823567	-0.591910028
10368	0.57815075	1.182473648	-0.252311694	-0.68250346
10369	0.576366716	0.949106931	-0.401940787	-0.596032669
10371	0.679816574	1.179398814	-0.486727531	-0.651539562
10372	0.945463955	1.068356785	-0.505300837	-0.585851946
10376	0.951704953	1.094718568	-0.481126992	-0.512055757
10377	0.560635407	1.263912587	-0.199652462	-0.738875592
10388	0.969062017	0.826681504	0.191002853	-0.54051347
10389	0.710428337	1.035461389	-0.475849047	-0.467229695
10394	0.685545357	1.17712907	-0.030509381	-0.699698432
10397	0.516556838	1.112563385	-0.335373737	-0.570005451
10399	0.744438869	0.868590829	0.006406868	-0.689316528
10404	0.591721352	1.051924122	-0.383779708	-0.686734238
10408	0.544668363	1.111636294	-0.069860424	-0.499999662
10412	0.959097997	1.153706254	-0.463939526	-0.578949305
10413	0.920943615	1.060488232	0.158192277	-0.610960707
10414	0.659065616	1.121342473	-0.492239024	-0.596285614
10416	0.482077766	0.988082317	-0.116496018	-0.461465677
10417	0.952370085	0.926076281	0.185060577	-0.590418797
10418	0.935767118	0.959911322	0.176306218	-0.593894245
10420	0.969013353	0.866106812	0.180762926	-0.559615797
10421	0.496488884	0.870116818	-0.12316017	-0.492847648
10427	0.592902938	0.783827204	-0.042350318	-0.614104202
10429	0.477291918	1.062315824	-0.224262561	-0.33729541
10430	0.547841227	1.163364726	-0.20488138	-0.722068217
10433	0.502797083	1.154962535	-0.156062551	-0.49188354
10435	0.951177525	1.096224963	-0.47940683	-0.537395093
10436	0.524709574	1.094058929	-0.189963457	-0.556335326
10437	0.968677761	1.150836025	-0.466140132	-0.594479879
10439	0.731331737	0.865165402	0.083304763	-0.639637102
10440	0.482227841	0.942372765	-0.22460208	-0.601653593
10442	0.946771022	1.117273995	-0.508499968	-0.527803852
10443	0.584343151	1.359716608	-0.378111431	-0.561624907
10446	0.951512326	0.897604143	0.186194373	-0.567493622
10447	0.498550204	0.944321047	-0.118184487	-0.558789605
10448	0.970046581	0.862537109	0.181164828	-0.558643991
10452	0.961128374	0.944758912	0.181083431	-0.547695468
10458	0.496746417	1.032977856	-0.262670562	-0.659348652
10461	0.974272607	0.848734621	0.182617249	-0.562300575
10464	0.643753117	1.375506173	-0.414265911	-0.639921717
10465	0.486405647	1.15178868	-0.124866486	-0.450567688
10467	0.57726846	0.941594816	-0.259449335	-0.714624617
10468	0.906495332	0.965683396	-0.540440342	-0.385371169
10475	0.965605239	0.940201188	0.148698306	-0.585536818
10476	0.969081805	0.860282435	0.186052784	-0.562069553
10479	0.547081662	1.050630875	-0.068255935	-0.546570651
10480	0.561149529	0.858691761	-0.37771722	-0.654303302
10481	0.969121045	0.879136196	0.183222601	-0.552468044
10487	0.951218942	1.082261669	-0.489539725	-0.510481792
10495	0.632883096	0.87252145	-0.425087645	-0.400371774
10496	0.464369621	0.732060468	-0.160598249	-0.637707033
10498	0.92016462	1.027591083	0.173049138	-0.61847056
10502	0.731454204	0.921343935	0.082579305	-0.621937557
10503	0.459146243	0.932900619	-0.091670032	-0.422906471
10505	0.965252629	0.8797031	0.180157156	-0.566547532
10508	0.925211476	1.039847412	0.179810146	-0.598418632
10509	0.434163201	0.672737805	-0.148823985	-0.334124291
10510	0.662981429	1.106392523	-0.289469437	-0.927956178
10511	0.55365839	0.79489584	0.027825506	-0.465416821
10513	0.557669546	1.005571553	-0.025546565	-0.56309713
10516	0.710766426	1.134064868	-0.021322544	-0.722168052
10517	0.555923951	1.078012974	-0.053260409	-0.570175684
10520	0.489070581	0.764157548	-0.183143593	-0.227062327
10521	0.704186337	0.843131454	0.10746522	-0.534846077
10522	0.930481887	1.005024505	0.159767574	-0.633319534
10526	0.965933036	0.869517413	0.16498245	-0.581557328
10528	0.652663338	1.201102714	-0.267164472	-0.677015314
10529	0.966457781	1.141466094	-0.465174054	-0.535046443
10535	0.508332808	1.117962805	-0.261805315	-0.639700257
10536	0.947518975	0.978898486	0.163268661	-0.616034052
10541	0.760876951	0.862686592	0.024282516	-0.702957768
10551	0.495859914	0.936757979	-0.098885053	-0.557023736
10553	0.509861886	1.157707486	-0.194471107	-0.573683051
10558	0.469317275	1.000831841	-0.17300918	-0.492145022
10559	0.529742716	1.180558524	-0.237220648	-0.603010064
10565	0.518044348	0.866506201	-0.010618336	-0.283873059
10578	0.539712418	1.111938004	-0.096597484	-0.503759212
10579	0.966397536	0.941161626	0.169131824	-0.592685157
10581	0.546062468	0.996084952	-0.047171727	-0.526770213
10582	0.617060377	1.050626488	-0.236574416	-0.908630884
10600	0.71591452	0.928650665	0.09302835	-0.620706246
10601	0.63362306	1.160465473	0.011606755	-0.506083644
10602	0.964653974	0.868675795	0.172800391	-0.57263674
10607	0.932564949	1.014199194	0.160196764	-0.645187295
10610	0.472530249	1.041354485	-0.144501656	-0.565240979
10612	0.744327024	0.867339004	0.04474212	-0.694772153
10613	0.934079118	1.04699423	-0.523486759	-0.523525401
10616	0.507768186	1.182608323	-0.175557831	-0.576271837
10620	0.527993498	1.234853082	-0.226438438	-0.607201087
10621	0.505016729	1.08526338	-0.141022523	-0.567356564
10624	0.915879865	1.057412251	0.148025067	-0.645143703
10630	0.569556184	1.249688263	-0.139946392	-0.624185297
10631	0.774312122	1.203791902	-0.396970548	-0.759329238
10633	0.706842634	0.914490578	0.091086725	-0.597455039
10636	0.493319478	1.076349339	-0.132948913	-0.539378785
10641	0.499959155	0.705558524	-0.016890489	-0.490787537
10642	0.548765556	1.085122418	-0.06722815	-0.569001178
10643	0.968610097	0.885437915	0.15452467	-0.601842803
10645	0.454373133	0.759374882	-0.103101989	-0.496227752
10648	0.730823506	1.268725298	-0.324491025	-0.947853265
10650	0.611900194	0.770312742	-0.428978903	-0.494261258
10655	0.668985768	1.179237121	-0.032792522	-0.66285996
10657	0.932903804	0.97913233	0.177286105	-0.58690572
10663	0.908296345	1.102391703	0.168018796	-0.629180068
10664	0.4677346	0.921776334	-0.218650214	-0.576565674
10666	0.518271295	1.080354598	-0.183371956	-0.658042577
10667	0.962065643	0.89135719	0.181700694	-0.579909396
10670	0.900450891	1.142144119	0.144594658	-0.63787082
10672	0.968282738	0.851834445	0.17504649	-0.577466243
10675	0.520870645	0.867542005	-0.346787687	-0.493261391
10680	0.90503712	1.088138097	0.158011142	-0.625312488
10682	0.678120957	1.080341447	-0.313205197	-0.656548535
10689	0.959420755	1.126564002	-0.482585496	-0.58328578
10695	0.49600461	0.903277331	-0.093857198	-0.551540513
10698	0.501348986	0.987054132	-0.133918313	-0.588680533
10705	0.925473951	0.993492351	0.184629171	-0.606773527
10706	0.84031156	0.817273199	-0.587389581	-0.533761206
10712	0.502949792	0.797893389	-0.046383136	-0.564926988
10713	0.653334632	1.344679232	-0.454613131	-0.647252662
10714	0.747087262	0.830322417	0.079915487	-0.654490573
10717	0.687799605	0.875741692	-0.507767376	-0.502566333
10720	0.667680177	1.225771969	-0.419892691	-0.597253546
10727	0.713189273	1.113466176	-0.414690832	-0.555484171
10730	0.538171574	1.210695007	-0.281702922	-0.5585436
10732	0.71646938	0.86530612	0.039332961	-0.616917908
10733	0.968078054	0.831897449	0.187546414	-0.565308759
10735	0.499598549	1.091719306	-0.24907602	-0.668579548
10736	0.616329522	1.176402454	-0.280188594	-0.585122325
10739	0.961825545	0.928184586	0.16384051	-0.583410966
10744	0.728733491	1.010662005	-0.493996498	-0.558803708
10746	0.960689476	1.151705564	-0.481615663	-0.538018669
10755	0.707387843	0.862390018	0.1334411	-0.526597094
10760	0.919262983	1.065124969	0.168878724	-0.616857586
10762	0.955177253	0.865898216	0.206265359	-0.544185574
10766	0.75810743	0.872754891	0.03039765	-0.701206075
10769	0.705935166	1.068990611	0.015264535	-0.71105779
10770	0.661320057	1.013662633	-0.294938883	-0.600687042
10777	0.591423423	1.186574868	-0.389086086	-0.654781131
10782	0.531381317	0.956815229	-0.330313081	-0.705048982
10794	0.951055429	0.917020976	0.1892326	-0.574507183
10795	0.907814029	1.011731749	-0.543195244	-0.50306076
10796	0.956938714	1.112540786	-0.484651523	-0.542953404
10801	0.748497912	0.935879345	-0.016198981	-0.743155056
10804	0.928128271	1.082417242	0.118629445	-0.67673826
10807	0.965678726	0.870904046	0.180265596	-0.562264647
10808	0.527278342	0.946271899	-0.10333433	-0.68493893
10811	0.665639392	0.972485978	0.031909806	-0.576796304
10813	0.918970631	1.086862345	0.152532865	-0.636885966
10815	0.674465787	0.908055043	0.025969454	-0.555764416
10817	0.525909712	0.86002353	-0.24227313	-0.59490039
10818	0.461360822	0.627354818	-0.078601061	-0.50769972
10819	0.959566719	0.895064896	0.153274593	-0.614421691
10829	0.582073656	0.708271207	0.065489238	-0.503538838
10830	0.468160024	1.010382173	-0.160461371	-0.567028838
10832	0.733651071	0.886583143	0.085925185	-0.644997812
10836	0.703619511	1.269572092	-0.43343915	-0.734911384
10838	0.730872623	1.062901586	-0.503943713	-0.619747477
10840	0.963456972	0.892426802	0.179318824	-0.572721086
10845	0.936734765	0.972052043	0.184021273	-0.593621423
10849	0.768789138	1.201605269	-0.385743972	-0.650911368
10856	0.971323552	0.875169078	0.189349135	-0.565288124
10862	0.73364406	0.90662144	0.07330779	-0.657071001
10863	0.47851135	1.015407677	-0.254954672	-0.5534197
10864	0.553827624	1.282082746	-0.323963638	-0.699186579
10872	0.50386146	0.992884268	-0.220836526	-0.665735894
10876	0.515568975	1.100985947	-0.250000934	-0.673458747
10878	0.593475444	1.167757126	-0.410365718	-0.676522891
10880	0.50206697	0.876710501	-0.159291262	-0.697298726
10884	0.955101321	0.87941923	0.205618323	-0.536863955
10885	0.595947685	0.70533033	-0.401723406	-0.516388656
10888	0.544761546	1.039168073	-0.068800358	-0.565787494
10891	0.486882097	1.018784193	-0.285317599	-0.495064395
10894	0.909990065	1.108145907	0.159796156	-0.628396698
10897	0.455932857	0.835185499	-0.136492505	-0.408156196
10900	0.96935422	0.895233332	0.17485845	-0.595055184
10903	0.587145375	1.226152151	-0.139969086	-0.705319343
10904	0.525485285	0.989526762	-0.316229639	-0.691837224
10908	0.764121139	0.864955672	-0.00901625	-0.728349199
10921	0.472752519	0.897743056	-0.210775872	-0.617797374
10922	0.726046947	1.165889561	-0.356027002	-0.533865275
10925	0.669807588	1.202170006	-0.037269922	-0.658280886
10927	0.576834452	0.950899086	-0.016776099	-0.622063127
10928	0.593205335	0.990235684	-0.400281246	-0.794992311
10929	0.967651716	0.864451302	0.187617253	-0.550567025
10937	0.760666817	1.162699537	-0.38853518	-0.648136676
10938	0.965676139	0.894419789	0.172762172	-0.589262739
10940	0.937210914	1.078667754	-0.504869725	-0.528014744
10942	0.528276346	1.119478886	-0.158117192	-0.705560225
10943	0.567715252	0.97406665	-0.14969278	-0.801167682
10945	0.461996571	0.937400015	-0.177828093	-0.461453303
10952	0.496136215	1.053647981	-0.231629476	-0.638091877
10965	0.733608578	0.865373462	0.019678127	-0.681773723
10970	0.568307955	1.194115273	-0.36428462	-0.772991011
10971	0.553075556	0.952236543	-0.031910708	-0.528189442
10977	0.703019927	1.106239403	-0.38931896	-0.565976055
10982	0.917069508	1.039244284	0.163181737	-0.624994629
10987	0.583985584	0.961881942	-0.043417959	-0.640636628
10988	0.464170408	0.841721585	-0.213972595	-0.585016562
10990	0.950789553	0.947954531	0.1873258	-0.586352909
10993	0.550490633	0.991781056	-0.249127641	-0.78831444
10994	0.602559738	0.994588775	-0.442818454	-0.608144539
10998	0.667066861	1.279672438	-0.070729182	-0.67046726
10999	0.968138451	0.862797949	0.167682337	-0.591576996
11006	0.564272733	0.961181271	-0.333273146	-0.540175797
11008	0.685059264	0.91995033	0.086023374	-0.548270829
11009	0.922603262	1.028314105	0.180972896	-0.616379431
11011	0.710771535	1.069898431	-0.54780259	-0.738532102
11013	0.504689553	0.946406567	-0.165625097	-0.560579496
11015	0.673082825	1.101169401	-0.306273748	-0.845320859
11016	0.60782343	1.057720826	-0.44411909	-0.603411071
11017	0.71342593	0.964942587	0.083406394	-0.649679931
11020	0.957183962	0.893282127	0.182395239	-0.569273126
11021	0.62436502	1.158752116	-0.13430117	-0.75555352
11023	0.732578735	0.833638996	0.077799792	-0.608862889
11024	0.712360955	1.038719965	0.034001545	-0.676019922
11030	0.591072877	1.020671701	-0.406763457	-0.567663743
11031	0.954144894	0.895022037	0.177144511	-0.575000577
11032	0.493861073	0.94653439	-0.313187082	-0.37512406
11033	0.508012558	1.009122763	-0.337940297	-0.525146056
11037	0.950528406	0.904889341	0.169035637	-0.589358748
11040	0.594913453	1.076866046	-0.218175394	-0.795785999
11042	0.917792415	1.052688675	0.152622695	-0.650453119
11043	0.94873072	0.896303262	0.199725204	-0.569412601
11044	0.942933619	0.947689327	0.189650256	-0.569596843
11045	0.916799453	1.052140044	-0.538010669	-0.526346252
11046	0.708819949	0.837218572	0.136823964	-0.510275299
11048	0.90889383	1.103544429	0.145320163	-0.644523131
11052	0.952022353	1.110091925	-0.484904232	-0.535781839
11053	0.914071822	1.036802958	0.192965427	-0.589368762
11055	0.960154109	1.120024484	-0.476328421	-0.539169341
11060	0.559980999	0.951951651	-0.029379683	-0.584344326
11063	0.746196479	1.088440069	-0.455362715	-0.685752897
11066	0.968022497	0.879206298	0.157592145	-0.579839668
11067	0.577606122	0.925685429	-0.009602681	-0.602335737
11068	0.466427446	0.941401489	-0.174391548	-0.503417205
11072	0.712146504	1.262494391	-0.452807819	-0.649169865
11073	0.556264006	0.893672543	-0.33685191	-0.673713816
11076	0.953534951	1.126694524	-0.478372196	-0.606379498
11078	0.669862595	1.030847305	0.027752344	-0.601200202
11079	0.956150147	0.894772262	0.177006259	-0.594992977
11080	0.916750398	1.078153943	0.147945349	-0.641822184
11082	0.559438721	0.874355745	0.003150888	-0.538201164
11084	0.490063216	1.099930414	-0.137730528	-0.428183093
11086	0.95095147	1.093793448	-0.479095835	-0.539974203
11088	0.673843181	1.038306507	-0.304834035	-0.347213692
11091	0.760088698	1.096729389	-0.119751334	-0.93622719
11092	0.931508847	0.97941061	0.185305656	-0.608520156
11093	0.513396443	1.088061832	-0.158749168	-0.702085055
11096	0.669981417	0.779773066	0.105500998	-0.358212804
11099	0.965892547	1.135737501	-0.465508187	-0.56073616
11102	0.681423232	0.917552628	-0.475917096	-0.64921492
11104	0.562588463	1.042892584	-0.060720528	-0.613896671
11105	0.484811497	1.044433721	-0.272544162	-0.549869857
11106	0.562563775	0.776356639	-0.021882572	-0.494887183
11110	0.595273544	0.999844851	-0.188293408	-0.88413542
11112	0.497012615	1.066669878	-0.26707196	-0.646113598
11115	0.932917146	0.998738525	0.15958676	-0.626024896
11119	0.940438338	0.983979656	0.173188306	-0.591106224
11120	0.558505737	1.118609178	-0.277175744	-0.795582939
11121	0.503883807	0.850993936	-0.235392188	-0.494702194
11122	0.695107972	0.858783751	0.088474346	-0.537749847
11124	0.966555539	0.859105974	0.168825815	-0.585932918
11125	0.695948903	0.983097814	0.068392502	-0.635038552
11126	0.944741131	1.100233022	-0.496869204	-0.550095378
11130	0.931084546	1.046987959	-0.517154287	-0.520004756
11132	0.627740556	1.105811991	-0.290001351	-0.791457524
11133	0.951279875	0.943465268	0.174078297	-0.584013129
11134	0.700075738	1.0561847	0.04745031	-0.664220091
11135	0.540327278	0.720729926	0.005585125	-0.321849695
11136	0.519205223	0.801414781	-0.227071449	-0.655719966
11137	0.972874472	0.817297758	0.176095266	-0.55666892
11140	0.458796591	0.914851564	-0.168887185	-0.4903985
11141	0.636146477	0.938268174	-0.051709505	-0.766962651
11143	0.482414963	1.070807596	-0.102022969	-0.366194945
11147	0.654830352	0.965095513	-0.016033271	-0.526159136
11149	0.742261636	1.024437788	-0.531726803	-0.587140471
11151	0.959461993	0.896489631	0.178975228	-0.578460348
11153	0.741854445	0.90140775	0.009338496	-0.669765343
11154	0.972590578	0.88685743	0.165951907	-0.58251207
11157	0.598989081	1.252267849	-0.406798148	-0.634798973
11160	0.428178548	0.75393179	-0.08915674	-0.379647982
11162	0.548570371	1.272027268	-0.21164107	-0.671482348
11164	0.60644872	1.038924715	-0.433211646	-0.570702428
11165	0.963625604	0.873809655	0.189658225	-0.554870624
11167	0.673622713	1.206472798	-0.234300703	-0.974957578
11169	0.657422691	1.135995164	-0.466883614	-0.658657939
11170	0.914263235	1.080222937	0.190557218	-0.573457766
11171	0.441716476	0.630503734	-0.08564638	-0.308126517
11172	0.523361986	0.992520388	-0.163898134	-0.744967936
11174	0.461345476	0.992289991	-0.135863646	-0.341631935
11175	0.667270281	1.21994883	-0.364503975	-0.684078616
11176	0.602587041	1.084038411	-0.282871703	-0.665592936
11178	0.653380626	1.045017883	-0.250645758	-0.387524236
11179	0.592094093	1.215744849	-0.383521754	-0.663331189
11180	0.525824271	0.711585537	-0.099233348	-0.611210309
11182	0.958274049	0.874318906	0.185749528	-0.570929319
11183	0.478573517	0.69464971	0.002730927	-0.08766672
11192	0.730394988	1.164280055	-0.33105428	-0.422204693
11193	0.688095457	0.706736113	0.090488082	-0.380529204
11195	0.59299152	1.355960824	-0.381660341	-0.613489578
11196	0.96740669	0.874740626	0.170920885	-0.58339949
11197	0.546750171	0.848251448	-0.27103268	-0.703574748
11198	0.789535636	1.148338222	-0.386581758	-0.764823128
11199	0.917888822	1.055063987	0.165116936	-0.62326408
11200	0.90747421	1.102307012	0.163547156	-0.599796471
11201	0.909472044	1.067818024	0.167111067	-0.619557818
11202	0.933500432	0.994452327	0.179824558	-0.610069817
11203	0.594386984	0.757274536	-0.411745315	-0.530593873
11204	0.522881355	1.043194246	-0.041839316	-0.408403123
11205	0.52090243	1.184428152	-0.138964463	-0.58627142
11206	0.53347746	1.167433677	-0.127229374	-0.673861709
11207	0.596048438	1.080733926	-0.181328444	-0.831854811
11208	0.491611456	1.075242011	-0.196089928	-0.431886891
11209	0.705842942	0.844631034	0.110670482	-0.526494303
11213	0.467920913	0.910118852	-0.180790367	-0.56344897
11214	0.50582449	1.150933998	-0.258270172	-0.548740497
11215	0.502481013	1.053939394	-0.229554281	-0.64699393
11216	0.478423598	0.901257116	-0.072830597	-0.332769967
11220	0.644003029	1.152745966	-0.447269344	-0.638260133
11221	0.952764992	1.1151946	-0.493309274	-0.574777777
11222	0.910680468	1.087121655	0.170448865	-0.622248433
11229	0.939171742	1.0747203	-0.489326809	-0.588345243
11230	0.922786061	1.039637494	0.169849767	-0.625247776
11233	0.650654833	0.972214086	0.048384034	-0.518147585
11237	0.489221661	1.051420745	-0.291555098	-0.520933934
11238	0.48081049	0.945473499	-0.200211479	-0.458723586
11239	0.8698185	0.959912552	-0.572994935	-0.595433563
11243	0.732723115	1.159521693	-0.359178079	-0.440599643
11246	0.577712704	0.822733043	0.015809114	-0.584123007
11247	0.764218338	0.866581612	-0.006734338	-0.710157445
11250	0.561480338	0.689109097	0.018734694	-0.405091548
11251	0.475341817	0.543034186	-0.070975281	-0.523718929
11252	0.597410747	1.027535725	-0.428096579	-0.618344139
11254	0.784352457	1.152061745	-0.347546663	-0.691911911
11257	0.715534313	0.925812609	0.094295117	-0.601959348
11258	0.670489193	1.014878411	0.035335491	-0.58979604
11259	0.536613761	1.035667215	-0.132286797	-0.740788543
11260	0.618128327	1.287485963	-0.318940669	-0.75956374
11261	0.557270735	1.082598432	-0.084593045	-0.608171645
11263	0.662938248	0.9645747	-0.413193694	-0.564273373
11264	0.591643496	0.85263568	-0.046236273	-0.602067843
11265	0.537116118	0.897232869	-0.355135233	-0.536668611
11266	0.951305747	0.902981474	0.177474481	-0.577524109
11267	0.477417382	0.854833403	-0.232726525	-0.537107341
11268	0.505175816	1.126996606	-0.204777153	-0.565956705
11270	0.539652917	1.161732537	-0.193347413	-0.720067851
11272	0.575290658	1.321092259	-0.337428643	-0.630141743
11276	0.901122124	1.108041201	0.152667255	-0.631307536
11277	0.954793044	1.131224812	-0.480522264	-0.600629097
11278	0.939509316	0.991362052	0.181100504	-0.616447613
11279	0.515226846	1.158786255	-0.272377418	-0.65180597
11281	0.612595368	0.835420814	-0.400014159	-0.488767592
11282	0.489199384	1.015277755	-0.209229755	-0.635067484
11283	0.568464596	1.250594578	-0.163345153	-0.620855779
11287	0.966303873	0.879622399	0.18245683	-0.578979088
11288	0.545355166	0.771909192	-0.212047046	-0.353622204
11289	0.680877583	0.888203969	0.009499313	-0.587404942
11292	0.725174032	0.850574911	0.093690894	-0.636427613
11300	0.675945675	1.077576753	-0.308997633	-0.550321179
11304	0.550805789	1.008096718	-0.063754376	-0.555425907
11306	0.931144866	1.06356458	-0.505341519	-0.509699484
11307	0.940667457	0.970908344	0.170591675	-0.60470171
11308	0.615445395	1.146849049	-0.293972631	-0.610184923
11313	0.931207819	1.05017068	-0.529500348	-0.527688574
11317	0.480214145	1.039926748	-0.241255431	-0.584050782
11318	0.485343217	0.994045882	-0.191040278	-0.587643906
11319	0.57377433	1.285826878	-0.244950215	-0.568511705
11321	0.51776441	1.202824414	-0.316206087	-0.607065737
11324	0.635307253	1.111126362	-0.001225663	-0.551317403
11325	0.900754888	1.134704769	0.146888792	-0.646070315
11329	0.471677156	0.801861669	-0.029582477	-0.238513344
11331	0.697266729	0.984969723	0.049272203	-0.639285041
11332	0.644907365	0.874360508	-0.448609725	-0.633696526
11336	0.697502263	0.981539857	0.077351764	-0.60063265
11340	0.734928463	1.212029567	-0.317098808	-0.439931062
11343	0.593086955	0.790259064	-0.336875883	-0.616179086
11344	0.614390566	1.203567611	-0.178140338	-0.859421518
11346	0.556826316	1.27962916	-0.315262235	-0.752256181
11348	0.626794595	1.207918521	-0.362170506	-0.514182633
11351	0.588166876	1.078241848	-0.321120147	-0.418057557
11354	0.63558546	1.011564835	-0.001620322	-0.5055401
11356	0.480605441	1.006185226	-0.188423851	-0.609686571
11362	0.731960915	0.985201553	0.010537584	-0.747745445
11365	0.435140819	0.789067226	-0.119322355	-0.428074012
11366	0.497618456	1.180593218	-0.103936721	-0.205429862
11369	0.54718498	1.008288052	-0.306704132	-0.454293069
11370	0.675503103	0.870907812	0.065579649	-0.537403039
11372	0.590355417	0.945718313	-0.044218706	-0.665831055
11374	0.558879588	0.962706261	-0.028595129	-0.570164985
11381	0.518395104	1.082404482	-0.178485922	-0.646020313
11382	0.591779197	0.718655308	0.07680351	-0.512886469
11383	0.712714134	0.962601977	0.090805714	-0.606566855
11384	0.587300687	1.352691217	-0.303925501	-0.654128481
11388	0.66190324	0.844180261	0.09835813	-0.433585515
11392	0.482218119	1.002590892	-0.251682363	-0.586534692
11393	0.838626387	0.790889177	-0.57131863	-0.438216019
11394	0.647254804	1.007865545	0.018415577	-0.519822579
11396	0.967324071	1.13181558	-0.456593839	-0.607051069
11398	0.956129533	1.149296732	-0.469991622	-0.578565243
11399	0.590243346	1.324280677	-0.41121207	-0.615539463
11403	0.958484286	0.88991256	0.180757611	-0.571520366
11408	0.698215143	1.122935493	-0.215633932	-0.977170915
11410	0.649805763	1.188376421	-0.403378023	-0.645725598
11411	0.670355978	0.956626255	-0.454738353	-0.506922779
11412	0.455828996	0.875714649	-0.150092826	-0.433756365
11414	0.962973693	1.139650744	-0.448149832	-0.599063724
11416	0.666372042	0.921726515	0.032120081	-0.521015086
11417	0.526151195	1.257331807	-0.228519122	-0.62767169
11419	0.488723602	0.773471702	-0.132765587	-0.665158067
11420	0.564498695	1.19394581	-0.113201227	-0.612610178
11423	0.547235007	0.861616071	-0.129509223	-0.036517548
11428	0.473870792	0.950508689	-0.241390998	-0.545329068
11429	0.521018585	1.093771818	-0.187906927	-0.63746725
11430	0.611590317	1.010617783	-0.368769603	-0.752737904
11431	0.914512492	1.080748028	0.146900201	-0.622150433
11433	0.609127438	1.147673834	-0.259027201	-0.604104439
11439	0.685381646	1.162637057	-0.008706324	-0.673243108
11441	0.59813217	0.661238782	0.094455961	-0.507751801
11442	0.555605177	1.167910958	-0.208888455	-0.755496979
11443	0.738689155	0.979289224	-0.539992671	-0.607223547
11444	0.658332858	1.230056308	-0.337194108	-0.560625153
11449	0.577783963	0.930400834	-0.015123528	-0.635455832
11450	0.93058413	1.02749675	0.151975479	-0.63975684
11457	0.965006418	0.878893719	0.174502546	-0.580372106
11459	0.563348437	0.793677133	-0.18631445	-0.869408124
11463	0.481095055	1.023827901	-0.213261385	-0.591088361
11466	0.744436545	1.074525462	-0.324982448	-0.782346089
11468	0.924382007	1.012084306	0.18150081	-0.605783956
11470	0.549951373	1.208292125	-0.234612859	-0.631534754
11472	0.67586159	1.246304923	-0.489545466	-0.486882634
11473	0.908602256	1.005371755	-0.526206974	-0.465751539
11474	0.756006713	1.179906969	-0.35815693	-0.935733788
11475	0.567866617	1.085623166	-0.082476197	-0.638774126
11477	0.503473389	1.113925605	-0.302772463	-0.614118836
11480	0.541417549	1.188088342	-0.241150104	-0.77758982
11481	0.666181079	1.244144778	-0.295761771	-0.532616997
11482	0.91409953	1.057324609	0.187390996	-0.61501835
11483	0.494775286	1.028997391	-0.145070987	-0.504517082
11484	0.620543546	1.18653182	-0.041531375	-0.513725914
11486	0.940829551	1.015615382	0.108861709	-0.683214256
11487	0.745210602	1.168195689	-0.413687328	-0.536840563
11488	0.612125439	1.213037984	-0.409537855	-0.787946466
11489	0.730025738	0.798563992	0.064492775	-0.628154886
11490	0.648592071	1.294174493	-0.314062275	-0.744818131
11495	0.556560771	0.72349001	-0.036338371	-0.415261789
11496	0.578621775	1.300079296	-0.147160863	-0.637238947
11497	0.689769013	1.146849512	-0.050743673	-0.723383759
11498	0.718074305	1.315498015	-0.357885795	-0.738157444
11499	0.959556105	1.120819546	-0.456574811	-0.506510034
11500	0.494725934	1.002407433	-0.115613565	-0.541369302
11506	0.517284954	0.957954293	-0.128468502	-0.618551125
11510	0.922001804	1.068054268	-0.519500596	-0.600707389
11511	0.581615994	1.084231707	-0.317046844	-0.498587823
11513	0.627157848	0.994869699	-0.216615798	-0.90620948
11514	0.912653663	1.115404062	0.121595014	-0.671466695
11521	0.524818318	1.165670505	-0.334623969	-0.565319733
11524	0.971956303	0.881299681	0.170303719	-0.576649554
11525	0.837707522	0.811627403	-0.574443785	-0.48259416
11526	0.935667597	0.960044891	0.181358654	-0.608197924
11528	0.63300217	0.911419367	-0.400001443	-0.556101915
11530	0.944383345	1.077149615	-0.504739106	-0.571633515
11533	0.674043083	1.043960504	-0.151166821	-0.954643432
11534	0.665242276	0.897989411	0.042440322	-0.5190484
11536	0.964623171	0.866619689	0.174141508	-0.573112051
11539	0.687221227	1.195259043	-0.354248043	-0.763416374
11541	0.66176702	0.919149093	0.086237163	-0.467200461
11544	0.625982518	1.176495324	-0.256990142	-0.637403154
11546	0.588828736	1.192727622	-0.131077273	-0.686481489
11550	0.55105955	0.984911969	-0.35303161	-0.508883519
11554	0.965651558	0.903063533	0.172046705	-0.572889372
11555	0.670902495	1.031314253	-0.306015475	-0.338159076
11556	0.469416769	0.938719609	-0.062785684	-0.328812252
11560	0.967655066	0.849085699	0.179729017	-0.565433242
11561	0.954179205	1.140792972	-0.502908207	-0.563263983
11563	0.705280979	1.085213475	-0.003980052	-0.715101377
11566	0.502274601	1.095505971	-0.278303077	-0.643607377
11571	0.917803959	1.101526303	0.146304563	-0.65625026
11574	0.907588751	1.06947819	0.167939559	-0.61822059
11575	0.917010756	1.01864395	0.171367215	-0.616521393
11577	0.908115643	1.090398696	0.161561049	-0.610446435
11580	0.959841054	1.115187589	-0.458613926	-0.576316398
11581	0.875161694	0.889071223	-0.561955122	-0.521638733
11582	0.483432557	0.78586033	-0.071592818	-0.442735869
11584	0.509010156	0.989255234	-0.202685301	-0.651014598
11586	0.474097023	0.946520584	-0.262071785	-0.561819201
11587	0.956840741	0.894210307	0.180862194	-0.568354849
11589	0.578470098	1.165074897	-0.279072214	-0.754915134
11590	0.499569863	0.975596472	-0.208475292	-0.676600593
11591	0.550274811	0.958175486	-0.01419897	-0.516381676
11593	0.624932382	1.345248892	-0.410726522	-0.545357614
11594	0.599120546	1.054130943	-0.41047152	-0.578682731
11595	0.486113605	0.952456003	-0.192019687	-0.692689929
11596	0.965846068	0.877667859	0.175975282	-0.575197688
11604	0.908824154	1.089350204	0.159576694	-0.623956699
11605	0.66587967	1.0263537	0.020293583	-0.590092159
11607	0.561373283	0.859501321	0.024015666	-0.528543156
11609	0.659982611	1.113235703	0.001169089	-0.591387488
11611	0.504925795	1.121523698	-0.151939525	-0.553327349
11612	0.745324178	1.133756836	-0.483453259	-0.491101084
11617	0.550279178	1.223240301	-0.245532165	-0.772168621
11618	0.710929877	0.956273993	0.083897709	-0.612323091
11619	0.565033997	1.243185235	-0.209248433	-0.747670079
11622	0.77682642	1.200125324	-0.363044394	-0.659379486
11625	0.905780899	1.120575138	0.153452773	-0.624059738
11630	0.569154792	1.025794163	-0.041088417	-0.607705605
11631	0.505232599	0.8495081	-0.287098415	-0.712683523
11633	0.487552898	0.731711975	-0.225012567	-0.359866602
11637	0.633472372	1.238201214	-0.28435101	-0.76664805
11638	0.544984565	0.937186049	-0.351455566	-0.458336828
11642	0.712179293	0.999194091	0.037634683	-0.677465432
11644	0.58506579	0.772444905	0.006967584	-0.581259722
11649	0.583253795	0.702606264	0.069777274	-0.499807535
11650	0.58539833	0.742691391	0.051227458	-0.511206005
11652	0.562074988	0.862449554	-0.096699887	-0.539454352
11657	0.507402283	0.849560013	-0.137295179	-0.714602196
11658	0.538967619	0.727236723	0.012244093	-0.350981205
11662	0.71622247	1.155007682	-0.320271993	-0.582578943
11665	0.618398778	1.231765316	-0.347275885	-0.700351782
11668	0.502376092	1.063999709	-0.200431955	-0.523085716
11671	0.964935545	1.159714393	-0.467701883	-0.575846439
11672	0.536144399	1.004713453	-0.135571829	-0.732441192
11676	0.675004086	0.933410154	-0.000838137	-0.584935049
11679	0.602709315	0.697572052	-0.013794071	-0.609899713
11681	0.713359354	0.949768085	0.029575746	-0.657750558
11684	0.625605196	1.222161645	-0.210299007	-0.830572884
11685	0.541478689	0.936379272	-0.018436775	-0.456791455
11688	0.874014181	0.906245028	-0.561634734	-0.508695868
11691	0.587047549	1.095217096	-0.398789523	-0.774436934
11697	0.967500995	0.88528412	0.166899426	-0.598565141
11699	0.952822475	1.115195893	-0.494136507	-0.574532537
11702	0.648378208	1.13037533	-0.036424473	-0.561274689
11704	0.969464565	0.846234831	0.182323688	-0.570505754
11705	0.732906247	0.849305166	0.042864282	-0.640305697
11707	0.912742793	1.058359581	0.185809272	-0.583683578
11708	0.756646438	0.860702577	0.017927216	-0.70781419
11709	0.949296849	0.941541203	0.188050696	-0.575558239
11711	0.933843163	1.083325652	-0.525545754	-0.548256291
11712	0.491282856	1.047531238	-0.109388121	-0.521350327
11716	0.471164031	0.953488175	-0.1347437	-0.559816647
11717	0.946574722	1.120879944	-0.494744378	-0.518239165
11721	0.938051197	0.980408589	0.185986979	-0.59598647
11727	0.588160174	1.287813152	-0.194308076	-0.786669405
11728	0.963203821	0.8954817	0.176497241	-0.588961739
11729	0.750207745	0.945927789	-0.002449596	-0.730714511
11734	0.550462454	1.2767934	-0.300636561	-0.683875623
11738	0.958335595	1.122440295	-0.464718833	-0.607425724
11739	0.944582354	0.980451891	0.148827143	-0.634556457
11745	0.963230163	1.130924011	-0.467302661	-0.586764587
11746	0.535454561	0.798722047	-0.35327565	-0.32619479
11751	0.494347099	1.182741385	-0.235049991	-0.547339817
11752	0.763311614	0.850653217	-0.009740027	-0.717956564
11756	0.544991639	1.360921894	-0.243602812	-0.609372653
