Respondent	ASC1	BTime	BCost
8738	0.650068159	0.161582317	0.406827228
8740	0.682148403	0.169286247	0.406913851
8741	0.691736061	0.208004554	0.423018495
8742	0.638069868	0.15670935	0.400157099
8744	0.700882351	0.165023053	0.429636188
8745	0.625995624	0.16755636	0.401832004
8746	0.678514153	0.184332504	0.412967909
8750	0.651579365	0.141341965	0.412333167
8751	0.618015864	0.140420532	0.355144943
8752	0.666548143	0.170190817	0.414368237
8755	0.682303239	0.148730652	0.400682834
8759	0.662268567	0.153362035	0.403262351
8762	0.67873144	0.186849464	0.413651323
8763	0.639519406	0.119930212	0.411302431
8766	0.616118639	0.158979383	0.398879727
8771	0.658755236	0.133323406	0.367296091
8774	0.668777326	0.169106324	0.408351185
8775	0.679978467	0.198334822	0.433091199
8778	0.657335546	0.160416353	0.408957912
8779	0.626299668	0.14140412	0.371440599
8780	0.649460754	0.171551303	0.405675717
8787	0.689681005	0.202853996	0.41415667
8800	0.646631119	0.092662996	0.345796528
8804	0.675316517	0.12052446	0.408443405
8806	0.667749949	0.125820528	0.387738389
8808	0.698445648	0.173418336	0.4199393
8814	0.655731772	0.178537289	0.411153517
8815	0.680258218	0.103197989	0.392366688
8816	0.690151549	0.181511653	0.4057991
8826	0.683489136	0.168573045	0.406928063
8829	0.616545279	0.098025639	0.339355288
8830	0.671764848	0.168410653	0.406176665
8831	0.690421141	0.181247208	0.424142683
8836	0.65378693	0.146463605	0.40634673
8838	0.663821289	0.165510366	0.412234024
8841	0.658773631	0.180521898	0.403932288
8844	0.648747425	0.162190009	0.408931793
8852	0.695366353	0.195225972	0.419744643
8854	0.676363946	0.196280052	0.423248375
8855	0.656259347	0.176715382	0.419174023
8856	0.663695887	0.130402303	0.402524297
8858	0.675917369	0.19546774	0.416724166
8864	0.661106557	0.088607826	0.386415724
8866	0.696700048	0.179825606	0.409309347
8867	0.650926787	0.078486407	0.343644388
8868	0.660239054	0.183801492	0.334599799
8873	0.665922126	0.170533431	0.411566995
8877	0.645353271	0.175125051	0.409643573
8879	0.650841042	0.11389897	0.412364866
8890	0.655382984	0.174590855	0.414036024
8893	0.64760644	0.179720234	0.426310776
8895	0.653730247	0.123827792	0.388483403
8896	0.663133612	0.112495491	0.373226235
8897	0.681109894	0.196061424	0.417593417
8899	0.670008698	0.16771768	0.414892373
8902	0.643948912	0.103236924	0.384904425
8906	0.673583732	0.180528882	0.428538662
8907	0.645991952	0.140966627	0.409425328
8913	0.680386028	0.158267512	0.400301824
8914	0.669648278	0.105173173	0.391996081
8917	0.68069156	0.155806747	0.398249173
8921	0.649585522	0.153241443	0.413937106
8922	0.687738267	0.183558242	0.402196757
8928	0.650255178	0.152541811	0.414830265
8929	0.664013884	0.162217339	0.410482644
8931	0.662463127	0.159630313	0.347454185
8934	0.622776836	0.146614393	0.377355139
8936	0.688837594	0.203967108	0.411801454
8937	0.674043388	0.170423785	0.410377471
8938	0.674110685	0.165513021	0.412809662
8943	0.661319668	0.177812633	0.42548435
8945	0.693168918	0.202348867	0.429218237
8954	0.640448274	0.182960937	0.410435374
8956	0.702839332	0.196098074	0.438691192
8957	0.683931285	0.157716035	0.403519315
8959	0.691098105	0.174107906	0.411229426
8966	0.676056381	0.176272521	0.402922334
8968	0.663923942	0.173450284	0.423443259
8972	0.660896652	0.156897086	0.398895896
8973	0.6887287	0.181770597	0.406466265
8977	0.694717276	0.170639931	0.412462732
8979	0.645974525	0.204108381	0.416440193
8981	0.654384205	0.156828537	0.413563531
8991	0.665033118	0.160962226	0.408243087
8993	0.661902834	0.206441964	0.410711288
8996	0.64981269	0.147758266	0.405293137
8997	0.672977181	0.204427064	0.422619912
9001	0.657986423	0.176173632	0.408951722
9003	0.677399493	0.168883777	0.406060343
9009	0.671164574	0.140793099	0.412345714
9012	0.680895677	0.174807077	0.407296685
9015	0.67819344	0.139199096	0.390793254
9017	0.643182192	0.093410477	0.372517596
9018	0.677222227	0.117743096	0.361434972
9019	0.649735465	0.157598197	0.401860429
9020	0.631335	0.141749346	0.405291372
9021	0.669823432	0.149539345	0.416315789
9023	0.666872003	0.173255223	0.402407087
9024	0.700249096	0.150589074	0.404184198
9026	0.634096767	0.156881892	0.394387641
9027	0.624444192	0.174848858	0.408411766
9028	0.675549531	0.162508039	0.41554247
9033	0.662009729	0.116677911	0.367654568
9034	0.647065495	0.147888555	0.387169578
9037	0.675607111	0.156756515	0.414132174
9040	0.599959717	0.08454433	0.34429328
9041	0.637583396	0.169283059	0.410964703
9054	0.657831526	0.150130874	0.402193908
9055	0.625250965	0.092044989	0.363483805
9056	0.650585037	0.116559554	0.371148821
9057	0.661481673	0.169021834	0.409459439
9061	0.688509463	0.173833596	0.425590051
9066	0.648255434	0.101946075	0.388245116
9069	0.64194161	0.161802254	0.398047736
9072	0.67053609	0.206562571	0.415521395
9083	0.684174128	0.147268974	0.376557767
9085	0.649026006	0.144070015	0.410679797
9088	0.644022896	0.142849751	0.378615828
9090	0.676824719	0.16053917	0.416208429
9095	0.644467006	0.158281804	0.393405801
9099	0.667669995	0.172609551	0.414321146
9105	0.6697059	0.199343098	0.419161564
9106	0.669738402	0.178769291	0.413457662
9107	0.660955302	0.19157528	0.411835132
9109	0.650051234	0.15856774	0.390751224
9110	0.655217378	0.127668356	0.391246867
9111	0.676936838	0.173928518	0.410125211
9113	0.664672216	0.171653518	0.407975755
9114	0.628774685	0.152295596	0.402883548
9118	0.664039398	0.165357321	0.412307008
9119	0.655888238	0.129570912	0.383114195
9120	0.68483466	0.19988052	0.420884975
9121	0.603336938	0.117871786	0.363714024
9123	0.623127069	0.091931774	0.333665845
9127	0.67824417	0.166496976	0.410211729
9129	0.63536666	0.083632556	0.350630356
9133	0.671895095	0.173646816	0.420102835
9135	0.639945451	0.1623244	0.414813212
9143	0.68965206	0.16692123	0.406169868
9146	0.664991932	0.190774505	0.409573681
9147	0.651767355	0.165647237	0.404799342
9148	0.639791892	0.070825564	0.349442164
9149	0.67056347	0.165316798	0.432367771
9150	0.674756811	0.136071601	0.3994248
9152	0.679814033	0.178270249	0.419133845
9155	0.64424685	0.161410125	0.402261278
9156	0.63576962	0.088505707	0.359579149
9158	0.660624365	0.09297628	0.403599992
9162	0.660926931	0.1250715	0.401636052
9164	0.652096615	0.130072756	0.370348791
9165	0.704985327	0.174809939	0.418792951
9167	0.661503589	0.163593823	0.395561171
9168	0.670752753	0.142192244	0.412400415
9175	0.63944124	0.148479492	0.412689853
9176	0.648689592	0.09855828	0.372954242
9178	0.668908378	0.204229001	0.422928603
9179	0.668626432	0.162218836	0.414293756
9182	0.666246734	0.156328073	0.403941342
9185	0.638349324	0.110941996	0.369329812
9186	0.660682022	0.193905188	0.412379564
9189	0.663056856	0.168694071	0.403752093
9190	0.632235574	0.10119861	0.390655562
9191	0.670450101	0.166529446	0.417147558
9194	0.690609285	0.180583544	0.424582593
9195	0.62768184	0.088522576	0.363951382
9196	0.638404604	0.103021417	0.380121536
9197	0.677413035	0.183996802	0.411078783
9207	0.668772707	0.177610297	0.421038302
9213	0.659835554	0.188270727	0.403527608
9216	0.684361045	0.165584689	0.411839462
9217	0.681739508	0.199978894	0.417479603
9218	0.630341846	0.12580437	0.414330377
9219	0.695868812	0.221178035	0.424238504
9221	0.640429108	0.123285557	0.386181125
9222	0.686328577	0.161667621	0.395646285
9234	0.632989267	0.171181283	0.394703987
9239	0.652413339	0.176397055	0.40440146
9242	0.643103425	0.112379608	0.401887581
9246	0.626948354	0.133335099	0.384878015
9251	0.676408742	0.175140418	0.418219538
9252	0.632800674	0.163762694	0.415453999
9254	0.661527906	0.163496675	0.409449441
9258	0.673936664	0.155873618	0.406267596
9259	0.659241784	0.18152884	0.400242965
9266	0.686617596	0.171282357	0.408360343
9267	0.679012213	0.176123102	0.422124414
9271	0.673499112	0.138462873	0.38770165
9273	0.656817845	0.180622182	0.402498441
9274	0.656514831	0.176495474	0.407684546
9276	0.659594723	0.203887242	0.425260756
9279	0.697794664	0.197385484	0.395903378
9280	0.693023188	0.163287386	0.415389497
9281	0.635225242	0.141191802	0.385169064
9285	0.663721532	0.126344309	0.403958246
9288	0.672645781	0.155710878	0.406495816
9294	0.618321938	0.111085512	0.358328442
9299	0.671752406	0.173991405	0.412492022
9300	0.633601758	0.120055225	0.401623209
9303	0.64702415	0.135101934	0.408832628
9305	0.65854085	0.172069533	0.406957579
9311	0.667969638	0.159179308	0.397814663
9318	0.645349583	0.078556092	0.36579922
9326	0.633860816	0.121570132	0.393521078
9334	0.651646367	0.154432271	0.400749839
9338	0.656487313	0.094189788	0.380988274
9339	0.671649751	0.186621905	0.418147408
9342	0.647456932	0.140389126	0.375793422
9346	0.672115925	0.175333812	0.41095608
9347	0.662598364	0.174028188	0.386697043
9351	0.651304996	0.134629248	0.390623633
9352	0.642039904	0.108682782	0.390311553
9354	0.632589069	0.151655197	0.393346212
9355	0.625683665	0.085188902	0.365393665
9358	0.65642688	0.180331385	0.424521301
9361	0.674481611	0.188764844	0.402153343
9366	0.634644267	0.08357041	0.352804219
9367	0.657331267	0.168647974	0.402305958
9368	0.679625306	0.179408774	0.393966337
9369	0.657061551	0.140560528	0.403205055
9371	0.666934673	0.169207414	0.401919496
9373	0.687980831	0.178750212	0.424359823
9380	0.682577791	0.178856527	0.420015765
9382	0.697101051	0.101646143	0.363127805
9384	0.656388144	0.216655143	0.37902388
9389	0.642531073	0.122563694	0.393148725
9391	0.666534198	0.216157482	0.420814076
9398	0.646264953	0.159780134	0.400261267
9399	0.686083478	0.162755938	0.405509924
9402	0.669537955	0.124247363	0.40129811
9404	0.656004414	0.166332325	0.401656309
9406	0.65306083	0.173772731	0.419130188
9413	0.663054002	0.199852605	0.419654313
9416	0.675827097	0.167867548	0.403971795
9417	0.673920419	0.161825255	0.39994764
9418	0.630244348	0.124356327	0.394667278
9422	0.645056984	0.164039196	0.398070183
9426	0.686169221	0.200040901	0.405594564
9427	0.68904117	0.173284669	0.410999301
9428	0.660358316	0.207244139	0.402855177
9429	0.651231375	0.165404558	0.411050931
9433	0.672082209	0.16612297	0.418628732
9434	0.679805465	0.178630571	0.42249134
9439	0.681288046	0.195424682	0.418566407
9440	0.648322144	0.170981893	0.412721895
9445	0.698192468	0.101067048	0.363128849
9447	0.666513462	0.125559735	0.399628425
9448	0.696719495	0.189051	0.424862664
9450	0.6399011	0.093150183	0.384462967
9451	0.677269235	0.173040775	0.414633442
9452	0.625057279	0.164979916	0.414392496
9455	0.651943306	0.149267749	0.395748686
9456	0.659913091	0.160498985	0.408896411
9457	0.661658789	0.122223729	0.397649969
9458	0.687149875	0.177372919	0.432235693
9460	0.733951909	0.174793147	0.416346113
9461	0.670759332	0.075232396	0.362416847
9462	0.655022766	0.113275397	0.408175889
9464	0.640670046	0.170469612	0.412631983
9466	0.664554093	0.142880975	0.401678988
9469	0.668431858	0.160907386	0.39569732
9472	0.637896227	0.14307589	0.403259902
9475	0.657429647	0.189142167	0.403995232
9476	0.648693127	0.174799731	0.417959645
9477	0.68142941	0.199365757	0.407092777
9483	0.637732037	0.140730625	0.3821986
9485	0.661644645	0.187895103	0.424537432
9491	0.674454697	0.151373176	0.417845677
9494	0.63386676	0.080265344	0.373961998
9496	0.690691241	0.176469063	0.362025842
9498	0.69555516	0.208818686	0.42715948
9502	0.639542525	0.122217964	0.382370708
9523	0.655337734	0.167398222	0.402614917
9524	0.670834058	0.174418701	0.414688281
9531	0.635216748	0.077898404	0.387035841
9534	0.653624631	0.164265609	0.396624128
9536	0.66834496	0.18520853	0.416498257
9538	0.610977011	0.079421729	0.335350573
9541	0.631183719	0.149134818	0.405714759
9545	0.683487014	0.117737546	0.377692991
9546	0.675598641	0.173051803	0.423272073
9550	0.668836921	0.171138057	0.40398763
9551	0.62542918	0.144771227	0.404096013
9552	0.665088457	0.188794361	0.42631893
9554	0.671916052	0.173163432	0.412039593
9555	0.677567669	0.195784481	0.428046202
9556	0.623962431	0.101922001	0.40130579
9559	0.664813249	0.135285952	0.407609876
9560	0.673525191	0.129956139	0.391957692
9563	0.618085773	0.16108524	0.392245332
9566	0.662886095	0.180113216	0.418851513
9567	0.669540822	0.101814812	0.395493083
9572	0.669821606	0.189685199	0.41754142
9579	0.657639574	0.120404707	0.386114592
9582	0.659684141	0.159870854	0.39743725
9584	0.660528425	0.155239311	0.408892826
9586	0.657081085	0.174190289	0.418932095
9587	0.667545892	0.176203866	0.40459176
9588	0.659786049	0.167870479	0.400878774
9589	0.670458483	0.182028263	0.414974987
9590	0.632514537	0.158508188	0.412839407
9591	0.662702175	0.174132525	0.410642431
9596	0.661523503	0.173393291	0.408843653
9597	0.65999589	0.168584078	0.419959213
9603	0.653700611	0.109404789	0.395580183
9604	0.670304302	0.180213038	0.410192829
9608	0.671508106	0.141603377	0.417148071
9614	0.664431224	0.172298586	0.404027393
9616	0.668993546	0.178921456	0.402244104
9621	0.603024671	0.087743078	0.357069995
9622	0.665530453	0.135334822	0.409466275
9623	0.654708302	0.155140009	0.387854764
9624	0.671056308	0.148800858	0.398235924
9625	0.665139829	0.17467581	0.390386411
9629	0.656828883	0.180124475	0.413607654
9632	0.661636385	0.164355646	0.408061871
9633	0.664142138	0.12261485	0.376893284
9634	0.683973912	0.187525792	0.419588783
9635	0.670826873	0.156482624	0.412004777
9646	0.648415062	0.163007087	0.41894038
9648	0.691270614	0.204482892	0.414934633
9649	0.668520819	0.122407205	0.406418149
9661	0.700998903	0.186017106	0.416039945
9662	0.674155761	0.190503167	0.41764773
9663	0.677159876	0.18559993	0.39001911
9664	0.668007467	0.180194096	0.425478744
9670	0.659358307	0.15444341	0.402724834
9685	0.650975516	0.166281179	0.398197029
9686	0.681584845	0.154859696	0.41079714
9687	0.657992842	0.155734751	0.400790024
9688	0.636642047	0.138021145	0.393720928
9691	0.655740819	0.16227096	0.39239209
9692	0.649394856	0.165652018	0.403127998
9693	0.671227565	0.14436113	0.383146319
9694	0.65937107	0.134888513	0.394947522
9705	0.656805647	0.168794079	0.421038558
9706	0.654262074	0.164429177	0.413594471
9707	0.65291105	0.177191304	0.411408961
9711	0.645988709	0.197953944	0.419494477
9713	0.657753401	0.108846462	0.380427012
9715	0.682989217	0.208449449	0.413956927
9716	0.689036128	0.210820165	0.349047169
9717	0.66505468	0.169518197	0.400722193
9718	0.658791736	0.162152903	0.417121725
9720	0.671086529	0.114340786	0.398062263
9721	0.632482707	0.130268862	0.365664673
9722	0.653384649	0.172004139	0.419258408
9723	0.640108756	0.154728761	0.404963356
9724	0.677152774	0.184104767	0.406093101
9727	0.65959928	0.164141185	0.413926669
9730	0.635348108	0.156628035	0.390190379
9731	0.656739947	0.114296469	0.378201792
9736	0.680222024	0.170075409	0.405446322
9745	0.683110149	0.176287603	0.413706215
9746	0.696131442	0.184175137	0.42039532
9747	0.679751511	0.153689293	0.406006245
9749	0.659742254	0.097099119	0.390864665
9750	0.66855002	0.178652677	0.405001447
9751	0.627610613	0.101639233	0.387415267
9754	0.6772905	0.199898226	0.413947679
9757	0.649120763	0.194099528	0.400060375
9761	0.654265409	0.181007145	0.396956102
9762	0.684229776	0.174272696	0.41252491
9764	0.684450266	0.177987952	0.402217817
9766	0.687811905	0.172336467	0.411170043
9770	0.701772475	0.194584135	0.426973917
9777	0.683094272	0.180632293	0.418413523
9778	0.663778633	0.175138214	0.410018676
9780	0.630585347	0.158186509	0.411236079
9781	0.66094091	0.14194343	0.401556693
9782	0.670657275	0.143788132	0.359180004
9783	0.691731392	0.188982764	0.419855952
9784	0.685938238	0.168739372	0.403997057
9785	0.667596034	0.130836842	0.408030814
9791	0.669211702	0.144542072	0.417032805
9797	0.640707305	0.094904636	0.354679029
9798	0.651945602	0.175121561	0.412372639
9800	0.667695048	0.189995636	0.421940839
9802	0.671125277	0.169862905	0.416681405
9804	0.651185715	0.164408831	0.400164135
9807	0.665381527	0.175085594	0.413455852
9808	0.67234747	0.163556595	0.420526048
9809	0.6910212	0.181284371	0.420544805
9811	0.646258249	0.161894674	0.410168404
9816	0.703562853	0.210231012	0.415088231
9817	0.665179931	0.119798512	0.393646645
9821	0.652999795	0.171057494	0.422514292
9826	0.623641746	0.150563894	0.386062708
9827	0.645070902	0.167377306	0.416074623
9832	0.651462964	0.12698566	0.382542873
9835	0.672243921	0.170720602	0.412989078
9836	0.648352907	0.129910329	0.376308301
9838	0.635235228	0.088432462	0.376645356
9843	0.6514041	0.159261431	0.405332177
9845	0.654158476	0.15365097	0.394341092
9849	0.674845057	0.17681621	0.405225089
9850	0.646159318	0.139157908	0.382165614
9851	0.656246106	0.106611826	0.389929203
9854	0.68304631	0.190754046	0.389524224
9857	0.690540473	0.163606766	0.403754026
9858	0.676186092	0.186148023	0.428071688
9859	0.666435768	0.131506405	0.403737484
9860	0.680865266	0.210292422	0.419945556
9862	0.663260947	0.184737203	0.409807421
9864	0.638462691	0.09523765	0.380167545
9868	0.662324791	0.169869642	0.410092423
9869	0.655916642	0.195132356	0.405383168
9872	0.647811289	0.160859246	0.384595211
9873	0.691884726	0.171680464	0.409032404
9877	0.695886574	0.180246721	0.422204055
9878	0.641119198	0.125133387	0.380071754
9880	0.660137045	0.166663102	0.418983809
9882	0.678659157	0.182330955	0.427747668
9887	0.642776149	0.115407852	0.392821364
9891	0.673418673	0.155977388	0.409556571
9892	0.668836042	0.194146419	0.42244576
9893	0.630463428	0.165598382	0.398925781
9894	0.638060111	0.184024406	0.400151964
9895	0.624162934	0.091242922	0.366346327
9896	0.670691948	0.162849963	0.402809719
9898	0.666985773	0.177854078	0.421661413
9899	0.668974934	0.187581029	0.425042429
9903	0.678242914	0.16766952	0.418418166
9906	0.646550645	0.169966987	0.401652506
9908	0.640314944	0.089669159	0.37171754
9910	0.660573041	0.101396905	0.37598189
9911	0.653883658	0.192098072	0.421551502
9912	0.70218258	0.183942616	0.430523242
9913	0.675400089	0.176808953	0.39592506
9915	0.667230106	0.172099779	0.414407403
9916	0.670072071	0.180585072	0.415006628
9917	0.671546435	0.11093319	0.393865184
9920	0.640424441	0.146291675	0.39820435
9922	0.641630705	0.11555985	0.379920582
9923	0.669727961	0.181806907	0.420158254
9924	0.622172514	0.154130408	0.407187294
9926	0.651462281	0.179535298	0.418129757
9929	0.677674263	0.202660065	0.418097338
9933	0.636988222	0.148606634	0.417716576
9934	0.673179507	0.151943741	0.395526417
9935	0.694333373	0.160147346	0.425873416
9940	0.660683843	0.177834865	0.392955506
9942	0.665632287	0.106845767	0.385071594
9943	0.661435284	0.096617258	0.351008524
9944	0.672807	0.184922095	0.419937103
9947	0.674006505	0.175669507	0.412291095
9950	0.670184496	0.168823839	0.395755556
9951	0.666912149	0.098545751	0.382291659
9953	0.653540573	0.191381587	0.400244765
9954	0.679617131	0.123113896	0.401536941
9957	0.693216316	0.162371811	0.398958682
9959	0.662991525	0.184776055	0.408779692
9962	0.619418579	0.119758177	0.387483711
9965	0.662120418	0.155678512	0.407452088
9973	0.659106622	0.11056894	0.383591397
9974	0.676169957	0.17438694	0.418447931
9977	0.642931448	0.160550852	0.411931261
9981	0.687549791	0.175901871	0.404600378
9989	0.682558711	0.191229594	0.399560294
9991	0.640624669	0.087227618	0.382123972
9992	0.660697185	0.119707313	0.355961495
9994	0.678631566	0.210559036	0.427615245
9995	0.650706695	0.11126968	0.401526834
9996	0.659987536	0.122726803	0.400628607
9997	0.650688934	0.197124941	0.409831633
10001	0.689155025	0.125646909	0.410951497
10013	0.656687426	0.139439331	0.358251832
10017	0.665313104	0.207871916	0.421111628
10019	0.664153119	0.171475886	0.408707913
10020	0.618902869	0.09823842	0.389065209
10025	0.658100421	0.13852946	0.391664965
10029	0.68326788	0.199623379	0.413108637
10030	0.676533337	0.139307529	0.414991211
10031	0.610726131	0.09507362	0.332630221
10032	0.646536025	0.149008283	0.399151461
10035	0.645940489	0.119453588	0.374465522
10044	0.676683472	0.124474215	0.403502716
10046	0.660707169	0.186287732	0.416516433
10051	0.669972631	0.178354928	0.400894404
10053	0.666222208	0.181990204	0.416521638
10055	0.632831156	0.150515894	0.424766663
10061	0.671295614	0.175074481	0.401974375
10063	0.654911336	0.172038128	0.396991258
10068	0.622764815	0.085861808	0.378660058
10069	0.680686902	0.207933818	0.41948077
10076	0.684684289	0.175316414	0.4107437
10078	0.668469624	0.192356091	0.413944239
10082	0.65902233	0.173119219	0.411397089
10083	0.670694332	0.154427071	0.398340498
10088	0.670003881	0.16272025	0.406117943
10098	0.653362	0.17493185	0.411555042
10105	0.652326927	0.191211381	0.418298384
10109	0.666828361	0.184613636	0.419274783
10110	0.663705424	0.200969449	0.409885806
10111	0.654528392	0.177865711	0.403711449
10116	0.675985238	0.195557841	0.420241329
10123	0.629626079	0.10695998	0.340089584
10124	0.661880418	0.164114406	0.412524191
10125	0.671433464	0.178569711	0.402244108
10126	0.633801416	0.160850242	0.41462538
10128	0.675213642	0.224117375	0.408452764
10130	0.685081169	0.209624331	0.415104556
10136	0.672128198	0.16607096	0.406185805
10141	0.680484547	0.198977564	0.427007783
10144	0.663143176	0.084829849	0.364258639
10152	0.650002262	0.085282774	0.375967052
10155	0.634629741	0.160769868	0.406997217
10156	0.671907838	0.177211083	0.414467217
10157	0.668923008	0.182487939	0.398909028
10162	0.643309687	0.171698725	0.406071127
10164	0.646134179	0.17062807	0.412092456
10167	0.656196026	0.187850599	0.413654736
10169	0.669044944	0.167026569	0.40411282
10170	0.660470418	0.174029898	0.422703471
10171	0.661546903	0.151818365	0.40294424
10177	0.67171522	0.21421738	0.425108808
10178	0.65092201	0.161179325	0.396674962
10183	0.64285346	0.097829231	0.384375976
10185	0.652637788	0.176011161	0.419438284
10186	0.675823149	0.192277208	0.401004396
10187	0.631312537	0.155065031	0.396935328
10188	0.649263429	0.131346642	0.385515319
10191	0.666222786	0.191879996	0.413591724
10193	0.68078683	0.175690242	0.411733218
10194	0.661345859	0.164533979	0.404139716
10196	0.657935735	0.177444428	0.41368616
10201	0.661135575	0.150444261	0.405619345
10208	0.637651122	0.115106346	0.401760573
10209	0.680559544	0.18073886	0.420054587
10212	0.665817606	0.17490873	0.40584407
10213	0.666008323	0.16835356	0.409203686
10221	0.640573294	0.086168103	0.353720416
10225	0.662862968	0.158748447	0.398652179
10228	0.668402709	0.119131591	0.410264501
10234	0.644094754	0.161742047	0.400242095
10235	0.678579524	0.138678184	0.413550368
10241	0.638845478	0.133292432	0.392226165
10247	0.64678799	0.187580216	0.422194571
10248	0.665612421	0.174878738	0.416494927
10250	0.629509321	0.103106809	0.375244717
10251	0.667709222	0.162256902	0.40069977
10254	0.687376088	0.198469504	0.420664459
10257	0.622623738	0.111001478	0.374576261
10260	0.627423102	0.071427586	0.347254734
10264	0.658819027	0.120879282	0.411921349
10266	0.674222374	0.180922924	0.412972871
10269	0.651633896	0.164403026	0.413639073
10271	0.669029561	0.169596982	0.417510271
10275	0.654892969	0.157482443	0.393850546
10277	0.641481746	0.132644028	0.401941737
10278	0.663959575	0.179118484	0.407462169
10279	0.627694112	0.156959914	0.400206351
10284	0.653108773	0.140231329	0.417227347
10285	0.644615354	0.158383209	0.404891341
10288	0.648862275	0.176157024	0.406103176
10290	0.648180792	0.165180075	0.416693531
10291	0.678665934	0.159877682	0.398314379
10293	0.684838993	0.180396942	0.414052766
10295	0.709393138	0.186248716	0.42168076
10300	0.685551277	0.181266806	0.415743208
10303	0.640023781	0.083677058	0.37164065
10305	0.660430918	0.157023539	0.41840226
10306	0.678428431	0.199001013	0.404714895
10309	0.656890026	0.134343193	0.390845731
10310	0.666900856	0.158587218	0.395847513
10314	0.661070869	0.138759111	0.414881444
10315	0.65493805	0.141895824	0.380851446
10316	0.635357292	0.095359183	0.384647343
10320	0.653544342	0.11084964	0.39491526
10321	0.624651224	0.09768014	0.35074639
10325	0.665392462	0.187264614	0.421720393
10327	0.639765555	0.153958994	0.355539989
10330	0.672006943	0.158732389	0.409776246
10331	0.66453394	0.176189897	0.403460198
10335	0.636067573	0.084724605	0.372809475
10336	0.682907246	0.189645648	0.417595267
10337	0.669241223	0.117167169	0.395259894
10341	0.659268035	0.159445135	0.4140206
10344	0.676015116	0.176346704	0.414301871
10346	0.631550813	0.079174854	0.318868395
10350	0.645160863	0.105832572	0.381801741
10353	0.653932152	0.209140616	0.418683159
10357	0.647890926	0.178159836	0.425188419
10358	0.654622188	0.15122584	0.408923622
10359	0.644034198	0.150002541	0.411521911
10361	0.672960706	0.08206892	0.34952771
10364	0.665118609	0.168182923	0.394433363
10366	0.658218728	0.199311408	0.410309939
10368	0.618998535	0.095378273	0.33953675
10369	0.693088958	0.168867099	0.386041524
10371	0.668461654	0.177164928	0.409016572
10372	0.653228718	0.174273933	0.411053558
10376	0.668785798	0.17740804	0.398001511
10377	0.650254896	0.0889131	0.368857947
10388	0.679578937	0.162911092	0.422161324
10389	0.640644405	0.173942938	0.404748159
10394	0.649808812	0.165558633	0.414186875
10397	0.626633517	0.17026601	0.403158296
10399	0.63363953	0.11001876	0.383848953
10404	0.650357172	0.145936063	0.398628225
10408	0.653885827	0.152254679	0.395572102
10412	0.700935954	0.172907887	0.424496022
10413	0.654595275	0.198092564	0.414827973
10414	0.639631789	0.18181005	0.402167128
10416	0.634372491	0.144613394	0.393188641
10417	0.672271645	0.180765193	0.412615006
10418	0.670244417	0.185897102	0.419102473
10420	0.692215847	0.162592758	0.420955492
10421	0.646027863	0.142614214	0.343196895
10427	0.631090833	0.11610879	0.394077567
10429	0.63305776	0.136922098	0.399363627
10430	0.641318957	0.163847932	0.412992699
10433	0.658702532	0.138189946	0.388052561
10435	0.667053331	0.176592631	0.398242498
10436	0.642988288	0.081282247	0.373590525
10437	0.671151614	0.173034627	0.414731848
10439	0.655405305	0.153459888	0.394069973
10440	0.699007727	0.140575115	0.400454532
10442	0.680012997	0.186491719	0.406238563
10443	0.665439526	0.160798235	0.416346039
10446	0.684614944	0.176351761	0.404342222
10447	0.661154706	0.161111778	0.396270599
10448	0.649358909	0.159647863	0.416492468
10452	0.68286419	0.16976979	0.400745074
10458	0.653475172	0.151229595	0.411593099
10461	0.654436673	0.172572957	0.405339529
10464	0.695481418	0.158695139	0.411122191
10465	0.646878167	0.102063626	0.378945291
10467	0.637930204	0.102125742	0.355883317
10468	0.710870596	0.202639255	0.404194586
10475	0.685999205	0.183569787	0.410237469
10476	0.672183253	0.166508037	0.418718149
10479	0.655388162	0.169222545	0.401423789
10480	0.646503501	0.164895445	0.416009592
10481	0.651173895	0.162550858	0.412126975
10487	0.661438702	0.180543848	0.406490642
10495	0.653105437	0.171059014	0.409843644
10496	0.668235067	0.149631656	0.414030581
10498	0.645124972	0.200445633	0.418999394
10502	0.6474417	0.193531221	0.426000185
10503	0.619288582	0.070542443	0.355537243
10505	0.680780751	0.167884045	0.410713787
10508	0.670150406	0.195191439	0.43122266
10509	0.67805686	0.166224981	0.418093926
10510	0.696230332	0.103304632	0.355665444
10511	0.649126395	0.174252046	0.40515256
10513	0.69688564	0.162630138	0.410547733
10516	0.653169241	0.182925961	0.404177177
10517	0.667511825	0.090319211	0.392458937
10520	0.663333021	0.112556176	0.370256753
10521	0.656738676	0.171311092	0.420415916
10522	0.678351443	0.203864438	0.416056717
10526	0.652343823	0.168276131	0.413869978
10528	0.631450453	0.094990667	0.378294182
10529	0.668921463	0.179937255	0.411939103
10535	0.653063443	0.166731514	0.396861985
10536	0.669849379	0.191960299	0.406322336
10541	0.666284103	0.145930246	0.403085874
10551	0.653930593	0.155064934	0.414603078
10553	0.635771205	0.167800893	0.410124879
10558	0.651490506	0.143976131	0.405351429
10559	0.635143417	0.162245704	0.36330432
10565	0.646567905	0.090652299	0.359861164
10578	0.681974768	0.148864862	0.411427229
10579	0.673378218	0.168978735	0.443358299
10581	0.65276941	0.171349189	0.391195594
10582	0.629137142	0.09336196	0.367233526
10600	0.662267942	0.19312375	0.405700301
10601	0.65546377	0.172252599	0.414237026
10602	0.684697856	0.17294046	0.414521142
10607	0.665190746	0.201614293	0.420922308
10610	0.617373281	0.093185645	0.386478531
10612	0.66409933	0.137614852	0.39731759
10613	0.670412334	0.179769903	0.398409717
10616	0.655273776	0.157108663	0.400955887
10620	0.65153968	0.164935955	0.393026794
10621	0.641011231	0.146640918	0.394398132
10624	0.671946614	0.20794059	0.426469136
10630	0.670376886	0.159751309	0.416322238
10631	0.673436901	0.13099947	0.395021108
10633	0.646902458	0.185047605	0.416178481
10636	0.642925594	0.14729303	0.408684033
10641	0.665093288	0.168522393	0.406374019
10642	0.650656206	0.155348645	0.392736916
10643	0.653254841	0.172761738	0.404352617
10645	0.625577561	0.134034903	0.405842292
10648	0.68659916	0.111394052	0.364969152
10650	0.669496778	0.180790055	0.397524367
10655	0.668320297	0.171776325	0.403222077
10657	0.677417361	0.196112155	0.421255419
10663	0.657190416	0.21122798	0.418106934
10664	0.666071119	0.151289746	0.414205026
10666	0.66179608	0.163595808	0.418228791
10667	0.670492849	0.172528052	0.412431332
10670	0.674915912	0.21555339	0.417797334
10672	0.661289313	0.175291897	0.400414816
10675	0.667625016	0.166575261	0.394320513
10680	0.666282311	0.203701471	0.408393439
10682	0.629078803	0.11240577	0.367218714
10689	0.665798015	0.178234671	0.4086732
10695	0.639300543	0.153462993	0.405956256
10698	0.625749103	0.159143587	0.396324915
10705	0.682245402	0.187262045	0.422239371
10706	0.67143263	0.204433633	0.418106386
10712	0.667436674	0.145921412	0.419843432
10713	0.666739801	0.169122724	0.424603432
10714	0.651972348	0.168663295	0.407800037
10717	0.639750614	0.192486093	0.404888302
10720	0.662451493	0.150791862	0.395620415
10727	0.671584166	0.148593191	0.398983967
10730	0.636356986	0.127748683	0.359272164
10732	0.638013026	0.105582691	0.402384595
10733	0.726292951	0.173558311	0.411551061
10735	0.666216918	0.165038329	0.411078473
10736	0.637374498	0.105013694	0.386452792
10739	0.66842104	0.172646667	0.43005433
10744	0.653904507	0.177573181	0.406929367
10746	0.689980032	0.176385889	0.412722288
10755	0.658603911	0.182664448	0.424219165
10760	0.686432266	0.200319841	0.415187491
10762	0.665574416	0.168073015	0.424061284
10766	0.669707366	0.144849492	0.411783306
10769	0.645461494	0.181117896	0.404457504
10770	0.628073089	0.112997044	0.377999696
10777	0.651184896	0.160701494	0.4050297
10782	0.642146699	0.156323622	0.386451992
10794	0.659031715	0.173817813	0.403646213
10795	0.699690703	0.18710478	0.406376695
10796	0.684123158	0.177830705	0.405331897
10801	0.677040826	0.096686636	0.378460882
10804	0.645194747	0.212438125	0.400662171
10807	0.671634077	0.16755563	0.412965861
10808	0.657955132	0.1554306	0.408226111
10811	0.672544897	0.161550975	0.409597765
10813	0.666585013	0.208499399	0.414417594
10815	0.665049326	0.117057707	0.415254976
10817	0.659497379	0.107995422	0.378359233
10818	0.678912621	0.129851522	0.385408645
10819	0.661823579	0.182406655	0.403885773
10829	0.671360247	0.184258543	0.41307748
10830	0.668252244	0.13144823	0.399783819
10832	0.660156775	0.193694568	0.41222892
10836	0.689419052	0.151495349	0.395658977
10838	0.648989359	0.17318717	0.407759699
10840	0.668661325	0.173700567	0.414301152
10845	0.680794574	0.189014062	0.409859875
10849	0.683797476	0.137076024	0.401040742
10856	0.686698872	0.162827369	0.417509194
10862	0.638192947	0.184391416	0.412866759
10863	0.638040968	0.150644245	0.395538691
10864	0.667364853	0.173142725	0.406431243
10872	0.645674306	0.157498166	0.391672193
10876	0.658577018	0.158106478	0.404372261
10878	0.658997336	0.168296906	0.403368407
10880	0.639478418	0.113148939	0.363098205
10884	0.665865913	0.16746134	0.414216644
10885	0.669385716	0.173916333	0.4161468
10888	0.643617552	0.098912894	0.382598074
10891	0.646727344	0.167113174	0.398684091
10894	0.689150362	0.213625124	0.424791816
10897	0.685005176	0.160144313	0.390495313
10900	0.661918612	0.162857086	0.404388403
10903	0.65605851	0.140344089	0.387958237
10904	0.650584834	0.152336675	0.414868038
10908	0.688152798	0.126022929	0.410489489
10921	0.646117916	0.135912785	0.411621545
10922	0.622132828	0.133223364	0.366946497
10925	0.689586895	0.177808855	0.421848561
10927	0.647541851	0.156120882	0.406870943
10928	0.670854533	0.177159791	0.413989196
10929	0.683896998	0.165355384	0.40836306
10937	0.644598578	0.135902426	0.412376703
10938	0.665103322	0.174656977	0.422916333
10940	0.658408435	0.18021152	0.409795736
10942	0.652701427	0.151396067	0.432910553
10943	0.645222134	0.159806108	0.401040015
10945	0.653892106	0.168526616	0.396017643
10952	0.676784246	0.130081344	0.420779291
10965	0.660186052	0.122550849	0.390505788
10970	0.655843641	0.165396087	0.414092159
10971	0.686301603	0.171877318	0.41221784
10977	0.671092668	0.145885639	0.406320984
10982	0.660512944	0.199254484	0.413161848
10987	0.662868171	0.083491653	0.389728867
10988	0.641351508	0.150944563	0.388542823
10990	0.684002143	0.175015353	0.417006905
10993	0.655223859	0.102339702	0.380842816
10994	0.671441347	0.182111347	0.404257752
10998	0.665350259	0.177651747	0.395335634
10999	0.658407877	0.17061531	0.402021488
11006	0.627005361	0.138128201	0.39558769
11008	0.676336339	0.169711713	0.40920513
11009	0.677103995	0.204294432	0.42203976
11011	0.664849919	0.19541339	0.322394563
11013	0.590575944	0.073508956	0.343693255
11015	0.660534867	0.105924557	0.367625429
11016	0.659061574	0.17307812	0.419917831
11017	0.650408683	0.1910103	0.411794016
11020	0.67882723	0.171802605	0.417844266
11021	0.646783631	0.106683755	0.375689999
11023	0.686785214	0.129913294	0.404663417
11024	0.657634087	0.178729522	0.411270641
11030	0.666593965	0.163589476	0.40302542
11031	0.676044985	0.175681907	0.41216402
11032	0.659109966	0.171691338	0.342793769
11033	0.650862114	0.16290536	0.407448615
11037	0.69754588	0.175374723	0.402275122
11040	0.608011401	0.085213566	0.332772856
11042	0.67388428	0.210711516	0.417541277
11043	0.672356969	0.178078581	0.422729687
11044	0.661620733	0.180555372	0.408247702
11045	0.674070332	0.187370184	0.406806295
11046	0.675616776	0.182961639	0.415682086
11048	0.662956726	0.212083156	0.413916235
11052	0.676929868	0.174083494	0.40124738
11053	0.694530527	0.203706034	0.430170563
11055	0.659418765	0.175753718	0.398524742
11060	0.641874151	0.137661887	0.40749573
11063	0.664501412	0.161921354	0.384520936
11066	0.662046372	0.178574121	0.432933803
11067	0.686272592	0.170067441	0.41289851
11068	0.665648557	0.158122096	0.396245274
11072	0.639402256	0.15747941	0.374855264
11073	0.62214614	0.141407851	0.413344076
11076	0.664032281	0.171236605	0.403620683
11078	0.667074536	0.175761927	0.405031232
11079	0.676936387	0.169405968	0.405364166
11080	0.668498138	0.210501236	0.43199603
11082	0.654809924	0.135236754	0.408883986
11084	0.659479799	0.137394979	0.382478994
11086	0.668205436	0.17403325	0.396576276
11088	0.669302012	0.125407078	0.36515357
11091	0.617866571	0.080011501	0.369711778
11092	0.683250372	0.190722365	0.428503338
11093	0.649863829	0.081599633	0.363472521
11096	0.68314611	0.138819226	0.388466062
11099	0.655688801	0.172627357	0.415104375
11102	0.654701338	0.175050009	0.404333794
11104	0.63888378	0.101536904	0.396734201
11105	0.670884273	0.158936443	0.405409123
11106	0.622998814	0.091890081	0.380917023
11110	0.639687706	0.095378739	0.373047805
11112	0.663581044	0.151951175	0.421217798
11115	0.684823222	0.198245916	0.429831991
11119	0.682564121	0.183928114	0.416786351
11120	0.653732232	0.165333717	0.397897506
11121	0.700805994	0.114157844	0.377988679
11122	0.659473686	0.159990981	0.397874453
11124	0.691991957	0.177795667	0.425288013
11125	0.658220216	0.177951838	0.40754817
11126	0.687227801	0.179539603	0.411885269
11130	0.677781429	0.17958662	0.408692015
11132	0.688404053	0.104753996	0.388342984
11133	0.683377927	0.182303672	0.403365645
11134	0.657774035	0.177652231	0.408737173
11135	0.623213352	0.09261994	0.374486814
11136	0.642859673	0.102985324	0.399439731
11137	0.667179919	0.166568313	0.406691805
11140	0.642350159	0.161909067	0.40578507
11141	0.647884793	0.077969955	0.390603901
11143	0.647376346	0.107805727	0.396099756
11147	0.658874283	0.140364058	0.391278742
11149	0.6500307	0.187011809	0.415454103
11151	0.674746879	0.17478369	0.415633047
11153	0.620930295	0.111482366	0.396430096
11154	0.666916148	0.162409051	0.406604365
11157	0.661361482	0.163599278	0.41837558
11160	0.651297152	0.078496944	0.357650204
11162	0.660993651	0.139485296	0.390040994
11164	0.657963339	0.172646013	0.407623295
11165	0.672331991	0.174187185	0.40909423
11167	0.670516846	0.089487858	0.36391999
11169	0.664336145	0.171027963	0.406309536
11170	0.705560385	0.20282739	0.416450739
11171	0.691907239	0.12435833	0.323148828
11172	0.631939945	0.075997168	0.359052957
11174	0.642004207	0.083854231	0.326425638
11175	0.674780253	0.133855484	0.38302078
11176	0.659255377	0.107911268	0.362478386
11178	0.653137631	0.102133016	0.390993776
11179	0.651789748	0.147976999	0.409872634
11180	0.665035457	0.114869458	0.382379278
11182	0.646248024	0.174103117	0.395154663
11183	0.673861514	0.093517893	0.343509953
11192	0.664278447	0.12938058	0.395819321
11193	0.698224988	0.108305222	0.400243784
11195	0.671215054	0.162226577	0.41346661
11196	0.679371109	0.171874482	0.420533218
11197	0.657009734	0.119753737	0.411420509
11198	0.655829538	0.131475719	0.382593702
11199	0.677938751	0.208253194	0.420258979
11200	0.677779301	0.204083575	0.39972167
11201	0.665033509	0.209123062	0.422780778
11202	0.660509101	0.192035354	0.417267545
11203	0.676653208	0.176957066	0.425616769
11204	0.644591963	0.080030879	0.373637204
11205	0.646247423	0.096435931	0.396649225
11206	0.677362095	0.082998637	0.37434864
11207	0.625952828	0.080028638	0.344647003
11208	0.627555355	0.105763273	0.382646904
11209	0.643482283	0.163014557	0.404223694
11213	0.65038361	0.167047487	0.399055731
11214	0.654157051	0.125065428	0.389368252
11215	0.666848392	0.160835886	0.41529832
11216	0.662504366	0.165035211	0.409894939
11220	0.665674186	0.166267386	0.419230684
11221	0.688689828	0.17486563	0.416054559
11222	0.658501771	0.206078844	0.420185714
11229	0.646663526	0.169803564	0.414678791
11230	0.68202534	0.203235515	0.414690854
11233	0.67471056	0.179742638	0.40621368
11237	0.651386331	0.164904156	0.397952123
11238	0.605764821	0.099950921	0.384233924
11239	0.666219362	0.190630984	0.430404807
11243	0.659102113	0.136203606	0.394110684
11246	0.643103956	0.17007337	0.399606137
11247	0.641970608	0.121811965	0.39252883
11250	0.663991449	0.10734399	0.374726657
11251	0.675630119	0.087626885	0.370928212
11252	0.660213536	0.165854082	0.410592364
11254	0.664869122	0.125796346	0.411568234
11257	0.658472619	0.190215712	0.407916973
11258	0.679406742	0.180135777	0.406443225
11259	0.647140506	0.152865672	0.413479626
11260	0.670131349	0.117580908	0.377578623
11261	0.631979289	0.136055962	0.400648858
11263	0.631986421	0.151618079	0.393656858
11264	0.641339281	0.114500329	0.393637956
11265	0.67119497	0.16516024	0.410482354
11266	0.677882477	0.173882029	0.41108809
11267	0.668058739	0.135131676	0.408530881
11268	0.652212579	0.103069966	0.394470917
11270	0.622892711	0.091093452	0.358186027
11272	0.61848586	0.145060738	0.33966061
11276	0.658080104	0.210349554	0.415741424
11277	0.659487457	0.171877187	0.400982532
11278	0.684951102	0.191510783	0.402845367
11279	0.646374918	0.163692135	0.391410837
11281	0.682774307	0.16557786	0.420613848
11282	0.626143709	0.148515232	0.400513065
11283	0.684940243	0.167965339	0.42033201
11287	0.65845044	0.17301095	0.418993823
11288	0.661669939	0.101925516	0.354400479
11289	0.655981408	0.096778558	0.366992581
11292	0.653785291	0.171364905	0.407236474
11300	0.63088356	0.115019687	0.397177414
11304	0.644448025	0.167998402	0.409668357
11306	0.673189859	0.181583872	0.407204747
11307	0.659708356	0.190364483	0.417151968
11308	0.639404863	0.110152517	0.369432922
11313	0.693664638	0.181238038	0.407432225
11317	0.671222842	0.137670574	0.406316908
11318	0.630460083	0.136896413	0.390938199
11319	0.682747697	0.098216814	0.405494745
11321	0.658201996	0.149959307	0.400616297
11324	0.647760839	0.169100957	0.409825655
11325	0.676351134	0.216990973	0.41374518
11329	0.662749182	0.108783229	0.387520239
11331	0.679428398	0.18601378	0.420318135
11332	0.658751153	0.172656657	0.422766765
11336	0.66672049	0.169073065	0.404110161
11340	0.653905875	0.124735946	0.401670242
11343	0.674328343	0.141240334	0.410941721
11344	0.632157436	0.087197681	0.37623865
11346	0.635923844	0.163331326	0.412840035
11348	0.642367303	0.137915353	0.344973611
11351	0.641753274	0.135207917	0.41352624
11354	0.648619803	0.117972057	0.378953408
11356	0.642270662	0.15209123	0.408690307
11362	0.63926282	0.121459036	0.401642338
11365	0.6016901	0.08014631	0.351835328
11366	0.684774195	0.109346769	0.361850082
11369	0.648371134	0.131918606	0.385212429
11370	0.671357854	0.136122193	0.3972587
11372	0.674040784	0.149579672	0.413363901
11374	0.66603245	0.15232304	0.408710425
11381	0.662181172	0.158955432	0.400627729
11382	0.670742281	0.172150913	0.416482351
11383	0.658242536	0.197434649	0.414637104
11384	0.626302315	0.120805824	0.369463265
11388	0.680673485	0.166227948	0.411523351
11392	0.623999866	0.145562877	0.401103977
11393	0.662638994	0.2062653	0.403505563
11394	0.660794736	0.161899282	0.403871389
11396	0.680887435	0.170011469	0.404410016
11398	0.668388281	0.174514903	0.418737209
11399	0.671936884	0.177345999	0.40072278
11403	0.679682726	0.179196971	0.411846387
11408	0.676435974	0.087224441	0.355869544
11410	0.669668046	0.151919321	0.388623516
11411	0.650515539	0.172318679	0.408571929
11412	0.646971107	0.162749743	0.409058579
11414	0.672018367	0.172627787	0.406890059
11416	0.671488355	0.147773293	0.409358094
11417	0.64150365	0.163170297	0.396663533
11419	0.688175572	0.156493971	0.411313366
11420	0.615931952	0.095537359	0.373722643
11423	0.700765659	0.088008167	0.340368397
11428	0.62709862	0.152779283	0.410147183
11429	0.62127109	0.085351174	0.33814515
11430	0.664973643	0.141089067	0.393928049
11431	0.668248558	0.21133804	0.420674644
11433	0.625979946	0.099612458	0.383403838
11439	0.646639244	0.184004988	0.408876351
11441	0.694348365	0.174243762	0.418595921
11442	0.646660272	0.104237699	0.367439633
11443	0.65837612	0.196209271	0.40965172
11444	0.64814437	0.123133909	0.366715939
11449	0.665553083	0.167590759	0.415550805
11450	0.677188857	0.203223826	0.429052642
11457	0.673689088	0.169965393	0.419973251
11459	0.615873504	0.085472426	0.370956906
11463	0.671708378	0.161136867	0.40825613
11466	0.634935977	0.110699195	0.393415951
11468	0.68132534	0.195475701	0.407880181
11470	0.670107579	0.094778575	0.373486272
11472	0.668882166	0.179372542	0.405037104
11473	0.665657997	0.193641056	0.396691919
11474	0.680203616	0.116563181	0.363798254
11475	0.635257907	0.164405087	0.404158241
11477	0.667123743	0.158869759	0.388718063
11480	0.66154052	0.137677967	0.414045963
11481	0.650152888	0.111558841	0.345320657
11482	0.672149627	0.203144653	0.438300051
11483	0.62530898	0.154553079	0.40657151
11484	0.653858196	0.1439244	0.394009757
11486	0.687630177	0.221502103	0.421161212
11487	0.672250675	0.152387134	0.395260743
11488	0.666683032	0.16899356	0.37885502
11489	0.665879116	0.118078355	0.411072916
11490	0.682491173	0.118257358	0.36204897
11495	0.653539909	0.181183629	0.365898316
11496	0.668560632	0.152626493	0.390105678
11497	0.645149896	0.106533316	0.397377662
11498	0.659664833	0.123995384	0.375169961
11499	0.671945765	0.174265464	0.390466863
11500	0.640292381	0.138128173	0.401361807
11506	0.648629532	0.162271952	0.392581218
11510	0.688348454	0.177577468	0.415144394
11511	0.647296914	0.142218105	0.397441958
11513	0.645955115	0.14349214	0.377245944
11514	0.667811876	0.222683859	0.419326429
11521	0.647811916	0.167175905	0.409102568
11524	0.676309896	0.168368068	0.404410998
11525	0.698190475	0.212140472	0.412947859
11526	0.668129078	0.193309792	0.404889939
11528	0.685747112	0.155484575	0.416629595
11530	0.6764782	0.174121964	0.417434938
11533	0.641778552	0.081569502	0.372221783
11534	0.690261557	0.114871173	0.409979679
11536	0.644153638	0.170750957	0.417922142
11539	0.639035806	0.124763292	0.368727439
11541	0.65652881	0.178710072	0.400975465
11544	0.651426813	0.095736544	0.391591659
11546	0.678004698	0.174455164	0.403409852
11550	0.650509823	0.153255877	0.410999428
11554	0.667606091	0.170025064	0.426445147
11555	0.66847932	0.129876905	0.372141047
11556	0.646422291	0.094673077	0.386172467
11560	0.689756766	0.166872063	0.431381445
11561	0.677934237	0.176183863	0.397010953
11563	0.633628875	0.156628577	0.416778177
11566	0.662837125	0.154645994	0.417422923
11571	0.67498691	0.212524084	0.428752979
11574	0.689776959	0.202750745	0.415828716
11575	0.694069374	0.205043474	0.423457079
11577	0.670184928	0.208055399	0.433780633
11580	0.671247542	0.173454397	0.41728163
11581	0.673758601	0.191209835	0.404987518
11582	0.589886539	0.095480212	0.378832913
11584	0.630935501	0.089421505	0.372491423
11586	0.643279327	0.157942043	0.400411869
11587	0.658205211	0.168511619	0.416438379
11589	0.650504451	0.108009972	0.369643658
11590	0.640967486	0.159341056	0.410498867
11591	0.647376382	0.159540671	0.406605163
11593	0.687612644	0.155017649	0.400677397
11594	0.648886407	0.163029219	0.400559515
11595	0.637610111	0.096578313	0.386173637
11596	0.664921241	0.170566897	0.417175748
11604	0.684289145	0.204291818	0.410989701
11605	0.662181547	0.156940894	0.397397782
11607	0.645756628	0.157943841	0.40008913
11609	0.663969296	0.187083493	0.408365386
11611	0.666384585	0.15513137	0.411015973
11612	0.678392355	0.169592105	0.415897552
11617	0.660545397	0.104996956	0.402780664
11618	0.670678249	0.199654301	0.423955786
11619	0.619883331	0.090657589	0.369399555
11622	0.674346523	0.129013806	0.408769523
11625	0.679666197	0.210274972	0.426513008
11630	0.642160939	0.156908434	0.40799741
11631	0.668490922	0.144867485	0.418301042
11633	0.685678451	0.125706159	0.396465366
11637	0.659233744	0.102569574	0.353805284
11638	0.66014055	0.156708098	0.409941617
11642	0.674080747	0.181435878	0.407270505
11644	0.672810315	0.107023829	0.396988546
11649	0.670042711	0.186633638	0.411190365
11650	0.67011029	0.142750529	0.422737558
11652	0.688278236	0.182744395	0.385302728
11657	0.630815262	0.086810774	0.376541438
11658	0.675320157	0.10467848	0.382101826
11662	0.660659865	0.117095481	0.373500805
11665	0.650276555	0.129552512	0.376723158
11668	0.674723382	0.092020827	0.372184944
11671	0.687183725	0.176062455	0.429479593
11672	0.631150874	0.141878697	0.405476512
11676	0.653745756	0.105004622	0.379388558
11679	0.626561302	0.101228183	0.397250072
11681	0.670216065	0.106798625	0.394537098
11684	0.6560657	0.082568845	0.384481646
11685	0.687981134	0.170863345	0.420669907
11688	0.669609956	0.195150655	0.414576811
11691	0.681244843	0.169646072	0.405182028
11697	0.679984022	0.173022639	0.417512749
11699	0.68603123	0.17441278	0.421282762
11702	0.647534765	0.090570182	0.35006805
11704	0.661306877	0.163893436	0.406670658
11705	0.63569933	0.114528784	0.397464532
11707	0.672979952	0.200222982	0.418402363
11708	0.672370673	0.138221646	0.403226025
11709	0.685234193	0.180692958	0.419566329
11711	0.698313829	0.190047777	0.418271503
11712	0.64469105	0.086176932	0.376179255
11716	0.607366718	0.072215427	0.370270516
11717	0.670607643	0.18043763	0.393782091
11721	0.688326998	0.187574464	0.418421384
11727	0.642513517	0.099180771	0.367644082
11728	0.672377645	0.176401084	0.426634168
11729	0.669764767	0.102473514	0.379930818
11734	0.66599818	0.135807193	0.408290412
11738	0.678442118	0.172141889	0.411571874
11739	0.678906684	0.19710549	0.422678271
11745	0.681489275	0.177631403	0.418582041
11746	0.683208029	0.185054984	0.40121852
11751	0.697597792	0.156080764	0.414270906
11752	0.643850577	0.122203815	0.398852172
11756	0.660734782	0.152247881	0.405657376
